Epoch: 1
TP: [ 365.    0.  242. 1239.  572.  523.  456.]
TN: [4601. 5654. 4656. 3880. 4301. 4081. 4929.]
FP: [434.  87. 577. 204. 421. 443. 178.]
FN: [341.   0. 266. 418. 447. 694. 178.]
ACC: 59.170875549316406
_______
Epoch: 2
TP: [ 475.    9.  255. 1250.  406.  657.  463.]
TN: [4516. 5654. 4662. 4001. 4559. 3845. 4983.]
FP: [324.  78. 564. 193. 587. 309. 171.]
FN: [426.   0. 260. 297. 189. 930. 124.]
ACC: 61.22626876831055
_______
Epoch: 3
TP: [ 371.   40.  386. 1227.  575.  569.  453.]
TN: [4729. 5644. 4379. 4044. 4366. 4183. 4981.]
FP: [428.  47. 433. 216. 418. 397. 181.]
FN: [213.  10. 543. 254. 382. 592. 126.]
ACC: 63.072635650634766
_______
Epoch: 4
TP: [ 419.   46.  305. 1257.  564.  572.  500.]
TN: [4650. 5609. 4665. 3971. 4352. 4226. 4895.]
FP: [380.  41. 514. 186. 429. 394. 134.]
FN: [292.  45. 257. 327. 396. 549. 212.]
ACC: 63.80421447753906
_______
Epoch: 5
TP: [ 492.   48.  306. 1227.  507.  532.  489.]
TN: [4527. 5621. 4594. 4015. 4392. 4212. 4945.]
FP: [307.  39. 513. 216. 486. 434. 145.]
FN: [415.  33. 328. 283. 356. 563. 162.]
ACC: 62.724266052246094
_______
Epoch: 6
TP: [ 531.   38.  361. 1211.  481.  492.  466.]
TN: [4374. 5642. 4547. 4038. 4425. 4272. 4987.]
FP: [268.  49. 458. 232. 512. 474. 168.]
FN: [568.  12. 375. 260. 323. 503. 120.]
ACC: 62.35847473144531
_______
Epoch: 7
TP: [ 400.   50.  418. 1231.  526.  557.  471.]
TN: [4697. 5630. 4432. 4009. 4418. 4214. 4958.]
FP: [399.  37. 401. 212. 467. 409. 163.]
FN: [245.  24. 490. 289. 330. 561. 149.]
ACC: 63.63003158569336
_______
Epoch: 8
TP: [ 465.   49.  335. 1269.  649.  474.  488.]
TN: [4605. 5628. 4616. 3965. 4251. 4417. 4952.]
FP: [334.  38. 484. 174. 344. 492. 146.]
FN: [337.  26. 306. 333. 497. 358. 155.]
ACC: 64.95384216308594
_______
Epoch: 9
TP: [ 447.   49.  367. 1254.  684.  453.  488.]
TN: [4659. 5615. 4620. 3992. 4155. 4447. 4959.]
FP: [352.  38. 452. 189. 309. 513. 146.]
FN: [283.  39. 302. 306. 593. 328. 148.]
ACC: 65.18028259277344
_______
Epoch: 10
TP: [ 466.   46.  333. 1249.  606.  479.  502.]
TN: [4592. 5627. 4605. 4013. 4258. 4355. 4936.]
FP: [333.  41. 486. 194. 387. 487. 132.]
FN: [350.  27. 317. 285. 490. 420. 171.]
ACC: 64.11775207519531
_______
Epoch: 11
TP: [ 487.   48.  361. 1224.  596.  522.  490.]
TN: [4608. 5628. 4584. 4040. 4286. 4322. 4965.]
FP: [312.  39. 458. 219. 397. 444. 144.]
FN: [334.  26. 338. 258. 462. 453. 142.]
ACC: 64.9364242553711
_______
Epoch: 12
TP: [ 477.   48.  368. 1227.  556.  535.  506.]
TN: [4592. 5636. 4586. 4029. 4366. 4286. 4927.]
FP: [322.  39. 451. 216. 437. 431. 128.]
FN: [350.  18. 336. 269. 382. 489. 180.]
ACC: 64.74481964111328
_______
Epoch: 13
TP: [ 456.   45.  401. 1231.  550.  531.  518.]
TN: [4636. 5633. 4530. 4036. 4388. 4298. 4916.]
FP: [343.  42. 418. 212. 443. 435. 116.]
FN: [306.  21. 392. 262. 360. 477. 191.]
ACC: 65.00609588623047
_______
Epoch: 14
TP: [ 490.   50.  347. 1241.  621.  521.  515.]
TN: [4616. 5634. 4656. 4035. 4293. 4326. 4930.]
FP: [309.  37. 472. 202. 372. 445. 119.]
FN: [326.  20. 266. 263. 455. 449. 177.]
ACC: 65.92928314208984
_______
Epoch: 15
TP: [ 460.   50.  363. 1259.  628.  540.  482.]
TN: [4634. 5631. 4637. 4006. 4279. 4325. 4975.]
FP: [339.  37. 456. 184. 365. 426. 152.]
FN: [308.  23. 285. 292. 469. 450. 132.]
ACC: 65.87702178955078
_______
Epoch: 16
TP: [ 489.   48.  356. 1279.  614.  529.  490.]
TN: [4603. 5636. 4669. 3968. 4304. 4347. 4983.]
FP: [310.  39. 463. 164. 379. 437. 144.]
FN: [339.  18. 253. 330. 444. 428. 124.]
ACC: 66.27764892578125
_______
Epoch: 17
TP: [ 500.   49.  360. 1220.  596.  544.  491.]
TN: [4574. 5631. 4618. 4066. 4316. 4280. 4980.]
FP: [299.  38. 459. 223. 397. 422. 143.]
FN: [368.  23. 304. 232. 432. 495. 127.]
ACC: 65.49382019042969
_______
Epoch: 18
TP: [ 495.   51.  353. 1235.  577.  554.  507.]
TN: [4593. 5630. 4654. 4041. 4334. 4281. 4944.]
FP: [304.  36. 466. 208. 416. 412. 127.]
FN: [349.  24. 268. 257. 414. 494. 163.]
ACC: 65.70284271240234
_______
Epoch: 19
TP: [ 484.   49.  357. 1240.  606.  523.  501.]
TN: [4601. 5631. 4631. 4023. 4300. 4338. 4941.]
FP: [315.  38. 462. 203. 387. 443. 133.]
FN: [341.  23. 291. 275. 448. 437. 166.]
ACC: 65.49382019042969
_______
Epoch: 20
TP: [ 477.   46.  375. 1256.  569.  542.  504.]
TN: [4618. 5628. 4610. 3992. 4372. 4303. 4951.]
FP: [322.  41. 444. 187. 424. 424. 130.]
FN: [324.  26. 312. 306. 376. 472. 156.]
ACC: 65.65058135986328
_______
Epoch: 21
TP: [ 453.   44.  356. 1215.  621.  571.  484.]
TN: [4654. 5638. 4626. 4071. 4264. 4225. 4971.]
FP: [346.  43. 463. 228. 372. 395. 150.]
FN: [288.  16. 296. 227. 484. 550. 136.]
ACC: 65.21511840820312
_______
Epoch: 22
TP: [ 491.   44.  361. 1213.  586.  550.  499.]
TN: [4562. 5633. 4600. 4085. 4352. 4274. 4943.]
FP: [308.  43. 458. 230. 407. 416. 135.]
FN: [380.  21. 322. 213. 396. 501. 164.]
ACC: 65.21511840820312
_______
Epoch: 23
TP: [ 464.   51.  357. 1267.  612.  532.  489.]
TN: [4645. 5627. 4638. 3993. 4311. 4307. 4956.]
FP: [335.  36. 462. 176. 381. 434. 145.]
FN: [297.  27. 284. 305. 437. 468. 151.]
ACC: 65.70284271240234
_______
Epoch: 24
TP: [ 479.   49.  359. 1228.  619.  533.  503.]
TN: [4602. 5628. 4623. 4058. 4301. 4324. 4939.]
FP: [320.  38. 460. 215. 374. 433. 131.]
FN: [340.  26. 299. 240. 447. 451. 168.]
ACC: 65.66799926757812
_______
Epoch: 25
TP: [ 470.   48.  344. 1257.  642.  521.  511.]
TN: [4644. 5625. 4664. 3998. 4273. 4347. 4947.]
FP: [329.  39. 475. 186. 351. 445. 123.]
FN: [298.  29. 258. 300. 475. 428. 160.]
ACC: 66.0686264038086
_______
Epoch: 26
TP: [ 458.   50.  366. 1223.  624.  566.  503.]
TN: [4663. 5629. 4618. 4063. 4307. 4259. 4956.]
FP: [341.  37. 453. 220. 369. 400. 131.]
FN: [279.  25. 304. 235. 441. 516. 151.]
ACC: 66.01637268066406
_______
Epoch: 27
TP: [ 498.   49.  372. 1228.  621.  528.  500.]
TN: [4578. 5629. 4605. 4070. 4317. 4339. 4963.]
FP: [301.  38. 447. 215. 372. 438. 134.]
FN: [364.  25. 317. 228. 431. 436. 144.]
ACC: 66.12088775634766
_______
Epoch: 28
TP: [ 507.   45.  372. 1249.  621.  482.  521.]
TN: [4578. 5637. 4615. 4012. 4311. 4426. 4923.]
FP: [292.  42. 447. 194. 372. 484. 113.]
FN: [364.  17. 307. 286. 437. 349. 184.]
ACC: 66.1383056640625
_______
Epoch: 29
TP: [ 490.   51.  364. 1228.  612.  550.  493.]
TN: [4594. 5627. 4620. 4077. 4318. 4285. 4972.]
FP: [309.  36. 455. 215. 381. 416. 141.]
FN: [348.  27. 302. 221. 430. 490. 135.]
ACC: 65.98153686523438
_______
Epoch: 30
TP: [ 488.   51.  335. 1212.  634.  567.  503.]
TN: [4609. 5628. 4699. 4084. 4259. 4254. 4962.]
FP: [311.  36. 484. 231. 359. 399. 131.]
FN: [333.  26. 223. 214. 489. 521. 145.]
ACC: 66.01637268066406
_______
Epoch: 31
TP: [ 487.   48.  383. 1235.  595.  535.  489.]
TN: [4608. 5629. 4571. 4050. 4335. 4314. 4970.]
FP: [312.  39. 436. 208. 398. 431. 145.]
FN: [334.  25. 351. 248. 413. 461. 137.]
ACC: 65.70284271240234
_______
Epoch: 32
TP: [ 497.   49.  347. 1247.  624.  543.  503.]
TN: [4601. 5623. 4669. 4041. 4299. 4317. 4965.]
FP: [302.  38. 472. 196. 369. 423. 131.]
FN: [341.  31. 253. 257. 449. 458. 142.]
ACC: 66.36474609375
_______
Epoch: 33
TP: [ 480.   50.  359. 1236.  601.  565.  496.]
TN: [4622. 5630. 4650. 4053. 4311. 4259. 4967.]
FP: [319.  37. 460. 207. 392. 401. 138.]
FN: [320.  24. 272. 245. 437. 516. 140.]
ACC: 65.96411895751953
_______
Epoch: 34
TP: [ 485.   47.  369. 1217.  590.  565.  509.]
TN: [4594. 5631. 4629. 4091. 4318. 4286. 4938.]
FP: [314.  40. 450. 226. 403. 401. 125.]
FN: [348.  23. 293. 207. 430. 489. 169.]
ACC: 65.87702178955078
_______
Epoch: 35
TP: [ 473.   51.  381. 1220.  593.  558.  499.]
TN: [4628. 5625. 4587. 4079. 4338. 4275. 4948.]
FP: [326.  36. 438. 223. 400. 408. 135.]
FN: [314.  29. 335. 219. 410. 500. 159.]
ACC: 65.75509643554688
_______
Epoch: 36
TP: [ 471.   51.  346. 1230.  664.  550.  498.]
TN: [4645. 5630. 4668. 4057. 4234. 4313. 4968.]
FP: [328.  36. 473. 213. 329. 416. 136.]
FN: [297.  24. 254. 241. 514. 462. 139.]
ACC: 66.36474609375
_______
Epoch: 37
TP: [ 498.   50.  344. 1236.  613.  566.  502.]
TN: [4571. 5631. 4679. 4056. 4325. 4285. 4967.]
FP: [301.  37. 475. 207. 380. 400. 132.]
FN: [371.  23. 243. 242. 423. 490. 140.]
ACC: 66.34732818603516
_______
Epoch: 38
TP: [ 484.   47.  387. 1242.  616.  497.  505.]
TN: [4607. 5631. 4564. 4035. 4307. 4382. 4957.]
FP: [315.  40. 432. 201. 377. 469. 129.]
FN: [335.  23. 358. 263. 441. 393. 150.]
ACC: 65.8073501586914
_______
Epoch: 39
TP: [ 468.   51.  345. 1277.  632.  529.  507.]
TN: [4632. 5631. 4681. 3968. 4282. 4367. 4953.]
FP: [331.  36. 474. 166. 361. 437. 127.]
FN: [310.  23. 241. 330. 466. 408. 154.]
ACC: 66.34732818603516
_______
Epoch: 40
TP: [ 470.   51.  361. 1248.  619.  566.  492.]
TN: [4635. 5632. 4657. 4053. 4304. 4263. 4968.]
FP: [329.  36. 458. 195. 374. 400. 142.]
FN: [307.  22. 265. 245. 444. 512. 139.]
ACC: 66.31249237060547
_______
Epoch: 41
TP: [ 476.   51.  380. 1243.  597.  525.  506.]
TN: [4608. 5629. 4608. 4036. 4331. 4355. 4916.]
FP: [323.  36. 439. 200. 396. 441. 128.]
FN: [334.  25. 314. 262. 417. 420. 191.]
ACC: 65.8073501586914
_______
Epoch: 42
TP: [ 486.   50.  380. 1260.  557.  570.  494.]
TN: [4611. 5633. 4609. 4021. 4400. 4258. 4970.]
FP: [313.  37. 439. 183. 436. 396. 140.]
FN: [331.  21. 313. 277. 348. 517. 137.]
ACC: 66.1383056640625
_______
Epoch: 43
TP: [ 484.   48.  357. 1234.  627.  561.  497.]
TN: [4587. 5630. 4666. 4059. 4302. 4300. 4969.]
FP: [315.  39. 462. 209. 366. 405. 137.]
FN: [355.  24. 256. 239. 446. 475. 138.]
ACC: 66.32991027832031
_______
Epoch: 44
TP: [ 485.   49.  383. 1203.  631.  528.  509.]
TN: [4587. 5628. 4602. 4098. 4284. 4346. 4948.]
FP: [314.  38. 436. 240. 362. 438. 125.]
FN: [355.  26. 320. 200. 464. 429. 159.]
ACC: 65.98153686523438
_______
Epoch: 45
TP: [ 444.   52.  371. 1257.  610.  534.  511.]
TN: [4675. 5626. 4613. 4000. 4315. 4313. 4942.]
FP: [355.  35. 448. 186. 383. 432. 123.]
FN: [267.  28. 309. 298. 433. 462. 165.]
ACC: 65.82476806640625
_______
Epoch: 46
TP: [ 488.   48.  363. 1244.  584.  553.  506.]
TN: [4587. 5628. 4647. 4029. 4359. 4285. 4956.]
FP: [311.  39. 456. 199. 409. 413. 128.]
FN: [355.  26. 275. 269. 389. 490. 151.]
ACC: 65.94670104980469
_______
Epoch: 47
TP: [ 463.   48.  379. 1245.  611.  531.  503.]
TN: [4644. 5628. 4592. 4035. 4313. 4313. 4960.]
FP: [336.  39. 440. 198. 382. 435. 131.]
FN: [298.  26. 330. 263. 435. 462. 147.]
ACC: 65.8421859741211
_______
Epoch: 48
TP: [ 474.   46.  363. 1216.  614.  584.  502.]
TN: [4629. 5631. 4629. 4095. 4342. 4218. 4960.]
FP: [325.  41. 456. 227. 379. 382. 132.]
FN: [313.  23. 293. 203. 406. 557. 147.]
ACC: 66.17314147949219
_______
Epoch: 49
TP: [ 473.   48.  379. 1229.  619.  538.  506.]
TN: [4631. 5632. 4598. 4070. 4308. 4309. 4949.]
FP: [326.  39. 440. 214. 374. 428. 128.]
FN: [311.  22. 324. 228. 440. 466. 158.]
ACC: 66.05120849609375
_______
Epoch: 50
TP: [ 491.   49.  336. 1262.  614.  516.  508.]
TN: [4558. 5631. 4702. 3975. 4327. 4342. 4946.]
FP: [308.  38. 483. 181. 379. 450. 126.]
FN: [384.  23. 220. 323. 421. 433. 161.]
ACC: 65.77251434326172
_______
Epoch: 51
TP: [ 486.   51.  369. 1232.  615.  512.  516.]
TN: [4602. 5627. 4612. 4051. 4304. 4354. 4936.]
FP: [313.  36. 450. 211. 378. 454. 118.]
FN: [340.  27. 310. 247. 444. 421. 171.]
ACC: 65.85960388183594
_______
Epoch: 52
TP: [ 492.   49.  369. 1249.  597.  521.  510.]
TN: [4566. 5629. 4608. 4040. 4345. 4354. 4950.]
FP: [307.  38. 450. 194. 396. 445. 124.]
FN: [376.  25. 314. 258. 403. 421. 157.]
ACC: 65.96411895751953
_______
Epoch: 53
TP: [ 466.   49.  384. 1244.  583.  552.  494.]
TN: [4634. 5631. 4563. 4052. 4358. 4260. 4979.]
FP: [333.  38. 435. 199. 410. 414. 140.]
FN: [308.  23. 359. 246. 390. 515. 128.]
ACC: 65.70284271240234
_______
Epoch: 54
TP: [ 485.   49.  376. 1260.  634.  516.  479.]
TN: [4607. 5632. 4599. 4026. 4294. 4367. 4979.]
FP: [314.  38. 443. 183. 359. 450. 155.]
FN: [335.  22. 323. 272. 454. 408. 128.]
ACC: 66.17314147949219
_______
Epoch: 55
TP: [ 459.   50.  340. 1262.  627.  569.  510.]
TN: [4650. 5630. 4693. 4000. 4321. 4280. 4948.]
FP: [340.  37. 479. 181. 366. 397. 124.]
FN: [292.  24. 229. 298. 427. 495. 159.]
ACC: 66.4866714477539
_______
Epoch: 56
TP: [ 485.   50.  373. 1245.  576.  531.  510.]
TN: [4591. 5625. 4592. 4035. 4369. 4325. 4938.]
FP: [314.  37. 446. 198. 417. 435. 124.]
FN: [351.  29. 330. 263. 379. 450. 169.]
ACC: 65.66799926757812
_______
Epoch: 57
TP: [ 441.   50.  349. 1258.  621.  561.  512.]
TN: [4669. 5628. 4658. 4009. 4310. 4287. 4936.]
FP: [358.  37. 470. 185. 372. 405. 122.]
FN: [273.  26. 264. 289. 438. 488. 171.]
ACC: 66.05120849609375
_______
Epoch: 58
TP: [ 490.   47.  373. 1246.  620.  500.  503.]
TN: [4575. 5633. 4590. 4016. 4313. 4422. 4935.]
FP: [309.  40. 446. 197. 373. 466. 131.]
FN: [367.  21. 332. 282. 435. 353. 172.]
ACC: 65.82476806640625
_______
Epoch: 59
TP: [ 488.   48.  344. 1236.  611.  533.  514.]
TN: [4575. 5631. 4649. 4042. 4318. 4343. 4921.]
FP: [311.  39. 475. 207. 382. 433. 120.]
FN: [367.  23. 273. 256. 430. 432. 186.]
ACC: 65.73767852783203
_______
Epoch: 60
TP: [ 467.   48.  344. 1247.  627.  537.  512.]
TN: [4629. 5632. 4652. 4017. 4282. 4343. 4932.]
FP: [332.  39. 475. 196. 366. 429. 122.]
FN: [313.  22. 270. 281. 466. 432. 175.]
ACC: 65.87702178955078
_______
Epoch: 61
TP: [ 482.   46.  342. 1260.  595.  540.  512.]
TN: [4588. 5634. 4666. 4005. 4328. 4316. 4945.]
FP: [317.  41. 477. 183. 398. 426. 122.]
FN: [354.  20. 256. 293. 420. 459. 162.]
ACC: 65.78993225097656
_______
Epoch: 62
TP: [ 473.   48.  355. 1246.  597.  559.  503.]
TN: [4613. 5629. 4620. 4035. 4336. 4293. 4960.]
FP: [326.  39. 464. 197. 396. 407. 131.]
FN: [329.  25. 302. 263. 412. 482. 147.]
ACC: 65.85960388183594
_______
Epoch: 63
TP: [ 473.   49.  377. 1218.  614.  540.  482.]
TN: [4602. 5629. 4566. 4076. 4297. 4315. 4973.]
FP: [326.  38. 442. 225. 379. 426. 152.]
FN: [340.  25. 356. 222. 451. 460. 134.]
ACC: 65.37188720703125
_______
Epoch: 64
TP: [ 491.   48.  346. 1233.  630.  523.  502.]
TN: [4571. 5628. 4648. 4060. 4269. 4350. 4952.]
FP: [308.  39. 473. 210. 363. 443. 132.]
FN: [371.  26. 274. 238. 479. 425. 155.]
ACC: 65.72026062011719
_______
Epoch: 65
TP: [ 482.   52.  343. 1230.  631.  534.  510.]
TN: [4591. 5628. 4649. 4062. 4294. 4335. 4928.]
FP: [317.  35. 476. 213. 362. 432. 124.]
FN: [351.  26. 273. 236. 454. 440. 179.]
ACC: 65.87702178955078
_______
Epoch: 66
TP: [ 478.   48.  355. 1230.  636.  521.  507.]
TN: [4597. 5632. 4651. 4064. 4268. 4334. 4934.]
FP: [321.  39. 464. 213. 357. 445. 127.]
FN: [345.  22. 271. 234. 480. 441. 173.]
ACC: 65.75509643554688
_______
Epoch: 67
TP: [ 509.   49.  346. 1252.  600.  503.  508.]
TN: [4534. 5633. 4666. 4016. 4322. 4358. 4943.]
FP: [290.  38. 473. 191. 393. 463. 126.]
FN: [408.  21. 256. 282. 426. 417. 164.]
ACC: 65.6157455444336
_______
Epoch: 68
TP: [ 484.   49.  346. 1277.  603.  512.  512.]
TN: [4587. 5626. 4655. 3965. 4337. 4372. 4946.]
FP: [315.  38. 473. 166. 390. 454. 122.]
FN: [355.  28. 267. 333. 411. 403. 161.]
ACC: 65.89444732666016
_______
Epoch: 69
TP: [ 507.   50.  338. 1248.  641.  496.  500.]
TN: [4531. 5631. 4676. 4036. 4272. 4390. 4949.]
FP: [292.  37. 481. 195. 352. 470. 134.]
FN: [411.  23. 246. 262. 476. 385. 158.]
ACC: 65.8421859741211
_______
Epoch: 70
TP: [ 500.   48.  358. 1233.  600.  522.  499.]
TN: [4560. 5622. 4631. 4051. 4309. 4323. 4969.]
FP: [299.  39. 461. 210. 393. 444. 135.]
FN: [382.  32. 291. 247. 439. 452. 138.]
ACC: 65.49382019042969
_______
Epoch: 71
TP: [ 483.   51.  385. 1230.  648.  475.  488.]
TN: [4596. 5630. 4553. 4045. 4260. 4414. 4967.]
FP: [316.  36. 434. 213. 345. 491. 146.]
FN: [346.  24. 369. 253. 488. 361. 140.]
ACC: 65.49382019042969
_______
Epoch: 72
TP: [ 501.   49.  362. 1250.  588.  508.  506.]
TN: [4563. 5621. 4600. 4019. 4363. 4350. 4953.]
FP: [298.  38. 457. 193. 405. 458. 128.]
FN: [379.  33. 322. 279. 385. 425. 154.]
ACC: 65.56349182128906
_______
Epoch: 73
TP: [ 465.   52.  347. 1259.  602.  553.  504.]
TN: [4652. 5626. 4649. 3998. 4331. 4277. 4954.]
FP: [334.  35. 472. 184. 391. 413. 130.]
FN: [290.  28. 273. 300. 417. 498. 153.]
ACC: 65.87702178955078
_______
Epoch: 74
TP: [ 500.   52.  356. 1290.  565.  522.  494.]
TN: [4571. 5625. 4636. 3952. 4386. 4346. 4968.]
FP: [299.  35. 463. 153. 428. 444. 140.]
FN: [371.  29. 286. 346. 362. 429. 139.]
ACC: 65.82476806640625
_______
Epoch: 75
TP: [ 502.   49.  369. 1257.  628.  486.  496.]
TN: [4587. 5628. 4623. 4010. 4273. 4401. 4970.]
FP: [297.  38. 450. 186. 365. 480. 138.]
FN: [355.  26. 299. 288. 475. 374. 137.]
ACC: 65.96411895751953
_______
Epoch: 76
TP: [ 479.   51.  394. 1266.  587.  526.  492.]
TN: [4624. 5625. 4581. 3999. 4360. 4335. 4976.]
FP: [320.  36. 425. 177. 406. 440. 142.]
FN: [318.  29. 341. 299. 388. 440. 131.]
ACC: 66.10346984863281
_______
Epoch: 77
TP: [ 503.   53.  363. 1235.  589.  529.  515.]
TN: [4566. 5629. 4631. 4055. 4357. 4328. 4926.]
FP: [296.  34. 456. 208. 404. 437. 119.]
FN: [376.  25. 291. 243. 391. 447. 181.]
ACC: 65.96411895751953
_______
Epoch: 78
TP: [ 479.   52.  386. 1228.  590.  565.  494.]
TN: [4628. 5629. 4575. 4077. 4368. 4272. 4950.]
FP: [320.  35. 433. 215. 403. 401. 140.]
FN: [314.  25. 347. 221. 380. 503. 157.]
ACC: 66.08605194091797
_______
Epoch: 79
TP: [ 482.   51.  347. 1250.  620.  543.  490.]
TN: [4621. 5638. 4654. 4016. 4287. 4302. 4970.]
FP: [317.  36. 472. 193. 373. 423. 144.]
FN: [321.  16. 268. 282. 461. 473. 137.]
ACC: 65.89444732666016
_______
Epoch: 80
TP: [ 468.   51.  385. 1248.  607.  526.  495.]
TN: [4640. 5629. 4586. 4032. 4319. 4322. 4957.]
FP: [331.  36. 434. 195. 386. 440. 139.]
FN: [302.  25. 336. 266. 429. 453. 150.]
ACC: 65.8421859741211
_______
Epoch: 81
TP: [ 498.   51.  352. 1275.  601.  512.  506.]
TN: [4583. 5633. 4666. 3980. 4326. 4362. 4950.]
FP: [301.  36. 467. 168. 392. 454. 128.]
FN: [359.  21. 256. 318. 422. 413. 157.]
ACC: 66.10346984863281
_______
Epoch: 82
TP: [ 472.   52.  316. 1276.  599.  546.  516.]
TN: [4645. 5625. 4704. 3977. 4333. 4276. 4922.]
FP: [327.  35. 503. 167. 394. 420. 118.]
FN: [297.  29. 218. 321. 415. 499. 185.]
ACC: 65.78993225097656
_______
Epoch: 83
TP: [ 487.   48.  384. 1244.  598.  509.  503.]
TN: [4618. 5630. 4569. 4033. 4341. 4360. 4927.]
FP: [312.  39. 435. 199. 395. 457. 131.]
FN: [324.  24. 353. 265. 407. 415. 180.]
ACC: 65.72026062011719
_______
Epoch: 84
TP: [ 507.   50.  368. 1250.  557.  553.  502.]
TN: [4560. 5630. 4628. 4027. 4401. 4296. 4950.]
FP: [292.  37. 451. 193. 436. 413. 132.]
FN: [382.  24. 294. 271. 347. 479. 157.]
ACC: 65.96411895751953
_______
Epoch: 85
TP: [ 481.   51.  349. 1252.  614.  546.  499.]
TN: [4628. 5629. 4643. 4019. 4298. 4309. 4971.]
FP: [318.  36. 470. 191. 379. 420. 135.]
FN: [314.  25. 279. 279. 450. 466. 136.]
ACC: 66.05120849609375
_______
Epoch: 86
TP: [ 490.   49.  338. 1264.  622.  513.  507.]
TN: [4618. 5631. 4672. 3987. 4278. 4352. 4950.]
FP: [309.  38. 481. 179. 371. 453. 127.]
FN: [324.  23. 250. 311. 470. 423. 157.]
ACC: 65.89444732666016
_______
Epoch: 87
TP: [ 492.   51.  344. 1237.  573.  565.  499.]
TN: [4577. 5626. 4647. 4046. 4364. 4245. 4961.]
FP: [307.  36. 475. 206. 420. 401. 135.]
FN: [365.  28. 275. 252. 384. 530. 146.]
ACC: 65.51123809814453
_______
Epoch: 88
TP: [ 506.   47.  352. 1275.  589.  519.  503.]
TN: [4559. 5631. 4645. 3991. 4369. 4345. 4956.]
FP: [293.  40. 467. 168. 404. 447. 131.]
FN: [383.  23. 277. 307. 379. 430. 151.]
ACC: 66.0337905883789
_______
Epoch: 89
TP: [ 483.   49.  376. 1235.  598.  542.  514.]
TN: [4621. 5628. 4597. 4056. 4350. 4320. 4930.]
FP: [316.  38. 443. 208. 395. 424. 120.]
FN: [321.  26. 325. 242. 398. 455. 177.]
ACC: 66.1383056640625
_______
Epoch: 90
TP: [ 482.   48.  364. 1255.  600.  544.  493.]
TN: [4619. 5633. 4618. 4022. 4325. 4307. 4967.]
FP: [317.  39. 455. 188. 393. 422. 141.]
FN: [323.  21. 304. 276. 423. 468. 140.]
ACC: 65.94670104980469
_______
Epoch: 91
TP: [ 473.   47.  364. 1264.  582.  567.  506.]
TN: [4630. 5629. 4625. 4011. 4380. 4274. 4959.]
FP: [326.  40. 455. 179. 411. 399. 128.]
FN: [312.  25. 297. 287. 368. 501. 148.]
ACC: 66.24281311035156
_______
Epoch: 92
TP: [ 480.   49.  345. 1264.  587.  525.  522.]
TN: [4612. 5637. 4647. 3990. 4354. 4340. 4897.]
FP: [319.  38. 474. 179. 406. 441. 112.]
FN: [330.  17. 275. 308. 394. 435. 210.]
ACC: 65.70284271240234
_______
Epoch: 93
TP: [ 497.   47.  343. 1267.  613.  496.  503.]
TN: [4588. 5635. 4649. 3993. 4301. 4385. 4920.]
FP: [302.  40. 476. 176. 380. 470. 131.]
FN: [354.  19. 273. 305. 447. 390. 187.]
ACC: 65.59832763671875
_______
Epoch: 94
TP: [ 459.   47.  347. 1263.  619.  511.  509.]
TN: [4666. 5628. 4619. 3967. 4300. 4358. 4922.]
FP: [340.  40. 472. 180. 374. 455. 125.]
FN: [276.  26. 303. 331. 448. 417. 185.]
ACC: 65.40672302246094
_______
Epoch: 95
TP: [ 478.   47.  348. 1267.  609.  507.  512.]
TN: [4631. 5635. 4628. 3987. 4321. 4355. 4916.]
FP: [321.  40. 471. 176. 384. 459. 122.]
FN: [311.  19. 294. 311. 427. 420. 191.]
ACC: 65.63316345214844
_______
Epoch: 96
TP: [ 457.   50.  352. 1237.  621.  550.  507.]
TN: [4674. 5634. 4622. 4041. 4290. 4280. 4938.]
FP: [342.  37. 467. 206. 372. 416. 127.]
FN: [268.  20. 300. 257. 458. 495. 169.]
ACC: 65.73767852783203
_______
Epoch: 97
TP: [ 502.   48.  334. 1247.  601.  544.  503.]
TN: [4579. 5633. 4663. 4046. 4329. 4285. 4949.]
FP: [297.  39. 485. 196. 392. 422. 131.]
FN: [363.  21. 259. 252. 419. 490. 158.]
ACC: 65.82476806640625
_______
Epoch: 98
TP: [ 495.   48.  357. 1263.  583.  539.  489.]
TN: [4598. 5634. 4616. 4013. 4346. 4299. 4973.]
FP: [304.  39. 462. 180. 410. 427. 145.]
FN: [344.  20. 306. 285. 402. 476. 134.]
ACC: 65.73767852783203
_______
Epoch: 99
TP: [ 473.   48.  345. 1251.  619.  545.  505.]
TN: [4639. 5629. 4650. 4025. 4298. 4306. 4944.]
FP: [326.  39. 474. 192. 374. 421. 129.]
FN: [303.  25. 272. 273. 450. 469. 163.]
ACC: 65.94670104980469
_______
Epoch: 100
TP: [ 482.   49.  365. 1268.  627.  477.  505.]
TN: [4620. 5632. 4616. 3979. 4276. 4409. 4946.]
FP: [317.  38. 454. 175. 366. 489. 129.]
FN: [322.  22. 306. 319. 472. 366. 161.]
ACC: 65.72026062011719
_______
Epoch: 101
TP: [ 486.   48.  332. 1262.  606.  561.  505.]
TN: [4617. 5628. 4679. 4014. 4342. 4277. 4948.]
FP: [313.  39. 487. 181. 387. 405. 129.]
FN: [325.  26. 243. 284. 406. 498. 159.]
ACC: 66.19055938720703
_______
Epoch: 102
TP: [ 488.   49.  346. 1264.  612.  525.  507.]
TN: [4603. 5631. 4651. 4000. 4338. 4335. 4938.]
FP: [311.  38. 473. 179. 381. 441. 127.]
FN: [339.  23. 271. 298. 410. 440. 169.]
ACC: 66.0337905883789
_______
Epoch: 103
TP: [ 478.   50.  358. 1205.  621.  564.  509.]
TN: [4620. 5629. 4623. 4103. 4309. 4278. 4928.]
FP: [321.  37. 461. 238. 372. 402. 125.]
FN: [322.  25. 299. 195. 439. 497. 179.]
ACC: 65.92928314208984
_______
Epoch: 104
TP: [ 509.   51.  341. 1254.  638.  494.  504.]
TN: [4551. 5628. 4663. 4023. 4271. 4403. 4957.]
FP: [290.  36. 478. 189. 355. 472. 130.]
FN: [391.  26. 259. 275. 477. 372. 150.]
ACC: 66.0337905883789
_______
Epoch: 105
TP: [ 476.   49.  371. 1253.  605.  517.  512.]
TN: [4636. 5630. 4597. 4030. 4327. 4344. 4924.]
FP: [323.  38. 448. 190. 388. 449. 122.]
FN: [306.  24. 325. 268. 421. 431. 183.]
ACC: 65.89444732666016
_______
Epoch: 106
TP: [ 469.   48.  387. 1248.  620.  505.  509.]
TN: [4645. 5632. 4567. 4025. 4306. 4373. 4943.]
FP: [330.  39. 432. 195. 373. 461. 125.]
FN: [297.  22. 355. 273. 442. 402. 164.]
ACC: 65.94670104980469
_______
Epoch: 107
TP: [ 502.   48.  378. 1227.  614.  507.  490.]
TN: [4574. 5630. 4581. 4061. 4295. 4354. 4976.]
FP: [297.  39. 441. 216. 379. 459. 144.]
FN: [368.  24. 341. 237. 453. 421. 131.]
ACC: 65.59832763671875
_______
Epoch: 108
TP: [ 488.   47.  348. 1265.  610.  517.  502.]
TN: [4589. 5630. 4652. 3993. 4316. 4343. 4959.]
FP: [311.  40. 471. 178. 383. 449. 132.]
FN: [353.  24. 270. 305. 432. 432. 148.]
ACC: 65.78993225097656
_______
Epoch: 109
TP: [ 480.   49.  370. 1286.  585.  496.  493.]
TN: [4615. 5627. 4617. 3930. 4340. 4361. 4974.]
FP: [319.  38. 449. 157. 408. 470. 141.]
FN: [327.  27. 305. 368. 408. 414. 133.]
ACC: 65.47639465332031
_______
Epoch: 110
TP: [ 493.   48.  355. 1244.  613.  541.  487.]
TN: [4590. 5632. 4631. 4036. 4310. 4299. 4988.]
FP: [306.  39. 464. 199. 380. 425. 147.]
FN: [352.  22. 291. 262. 438. 476. 119.]
ACC: 65.85960388183594
_______
Epoch: 111
TP: [ 496.   51.  365. 1226.  641.  508.  500.]
TN: [4596. 5634. 4616. 4054. 4258. 4370. 4964.]
FP: [303.  36. 454. 217. 352. 458. 134.]
FN: [346.  20. 306. 244. 490. 405. 143.]
ACC: 65.96411895751953
_______
Epoch: 112
TP: [ 471.   48.  354. 1273.  620.  515.  500.]
TN: [4633. 5633. 4641. 3978. 4301. 4350. 4950.]
FP: [328.  39. 465. 170. 373. 451. 134.]
FN: [309.  21. 281. 320. 447. 425. 157.]
ACC: 65.85960388183594
_______
Epoch: 113
TP: [ 486.   51.  348. 1257.  622.  513.  504.]
TN: [4613. 5631. 4650. 3999. 4296. 4345. 4952.]
FP: [313.  36. 471. 186. 371. 453. 130.]
FN: [329.  23. 272. 299. 452. 430. 155.]
ACC: 65.85960388183594
_______
Epoch: 114
TP: [ 496.   49.  351. 1264.  583.  529.  512.]
TN: [4601. 5630. 4643. 3989. 4352. 4339. 4935.]
FP: [303.  38. 468. 179. 410. 437. 122.]
FN: [341.  24. 279. 309. 396. 436. 172.]
ACC: 65.911865234375
_______
Epoch: 115
TP: [ 466.   49.  357. 1240.  608.  545.  508.]
TN: [4654. 5629. 4621. 4036. 4304. 4297. 4937.]
FP: [333.  38. 462. 203. 385. 421. 126.]
FN: [288.  25. 301. 262. 444. 478. 170.]
ACC: 65.72026062011719
_______
Epoch: 116
TP: [ 474.   49.  336. 1267.  635.  529.  501.]
TN: [4643. 5631. 4668. 4006. 4269. 4310. 4969.]
FP: [325.  38. 483. 176. 358. 437. 133.]
FN: [299.  23. 254. 292. 479. 465. 138.]
ACC: 66.0337905883789
_______
Epoch: 117
TP: [ 490.   49.  368. 1260.  607.  520.  498.]
TN: [4605. 5632. 4613. 4024. 4317. 4350. 4956.]
FP: [309.  38. 451. 183. 386. 446. 136.]
FN: [337.  22. 309. 274. 431. 425. 151.]
ACC: 66.05120849609375
_______
Epoch: 118
TP: [ 462.   50.  356. 1242.  626.  537.  511.]
TN: [4661. 5629. 4616. 4050. 4285. 4315. 4933.]
FP: [337.  37. 463. 201. 367. 429. 123.]
FN: [281.  25. 306. 248. 463. 460. 174.]
ACC: 65.911865234375
_______
Epoch: 119
TP: [ 490.   51.  383. 1232.  612.  508.  499.]
TN: [4588. 5630. 4568. 4050. 4295. 4375. 4974.]
FP: [309.  36. 436. 211. 381. 458. 135.]
FN: [354.  24. 354. 248. 453. 400. 133.]
ACC: 65.75509643554688
_______
Epoch: 120
TP: [ 485.   48.  361. 1236.  601.  527.  508.]
TN: [4601. 5632. 4611. 4052. 4315. 4325. 4935.]
FP: [314.  39. 458. 207. 392. 439. 126.]
FN: [341.  22. 311. 246. 433. 450. 172.]
ACC: 65.59832763671875
_______
Epoch: 121
TP: [ 469.   50.  335. 1263.  624.  566.  496.]
TN: [4654. 5630. 4691. 4017. 4294. 4250. 4972.]
FP: [330.  37. 484. 180. 369. 400. 138.]
FN: [288.  24. 231. 281. 454. 525. 135.]
ACC: 66.24281311035156
_______
Epoch: 122
TP: [ 506.   50.  381. 1245.  592.  489.  504.]
TN: [4547. 5627. 4579. 4041. 4335. 4391. 4952.]
FP: [293.  37. 438. 198. 401. 477. 130.]
FN: [395.  27. 343. 257. 413. 384. 155.]
ACC: 65.6157455444336
_______
Epoch: 123
TP: [ 480.   50.  358. 1262.  584.  533.  503.]
TN: [4618. 5631. 4626. 4010. 4327. 4312. 4951.]
FP: [319.  37. 461. 181. 409. 433. 131.]
FN: [324.  23. 296. 288. 421. 463. 156.]
ACC: 65.66799926757812
_______
Epoch: 124
TP: [ 475.   50.  374. 1248.  627.  497.  506.]
TN: [4629. 5632. 4592. 4030. 4289. 4373. 4937.]
FP: [324.  37. 445. 195. 366. 469. 128.]
FN: [313.  22. 330. 268. 459. 402. 170.]
ACC: 65.78993225097656
_______
Epoch: 125
TP: [ 480.   50.  351. 1278.  596.  520.  503.]
TN: [4605. 5629. 4655. 3971. 4336. 4335. 4952.]
FP: [319.  37. 468. 165. 397. 446. 131.]
FN: [337.  25. 267. 327. 412. 440. 155.]
ACC: 65.8073501586914
_______
Epoch: 126
TP: [ 491.   49.  368. 1244.  623.  501.  505.]
TN: [4599. 5632. 4604. 4041. 4287. 4380. 4943.]
FP: [308.  38. 451. 199. 370. 465. 129.]
FN: [343.  22. 318. 257. 461. 395. 164.]
ACC: 65.85960388183594
_______
Epoch: 127
TP: [ 460.   50.  372. 1232.  611.  544.  501.]
TN: [4638. 5630. 4588. 4050. 4313. 4312. 4944.]
FP: [339.  37. 447. 211. 382. 422. 133.]
FN: [304.  24. 334. 248. 435. 463. 163.]
ACC: 65.66799926757812
_______
Epoch: 128
TP: [ 478.   49.  367. 1248.  597.  525.  504.]
TN: [4604. 5631. 4604. 4039. 4322. 4330. 4943.]
FP: [321.  38. 452. 195. 396. 441. 130.]
FN: [338.  23. 318. 259. 426. 445. 164.]
ACC: 65.63316345214844
_______
Epoch: 129
TP: [ 503.   49.  353. 1220.  589.  525.  511.]
TN: [4560. 5634. 4634. 4068. 4329. 4308. 4922.]
FP: [296.  38. 466. 223. 404. 441. 123.]
FN: [382.  20. 288. 230. 419. 467. 185.]
ACC: 65.31963348388672
_______
Epoch: 130
TP: [ 464.   52.  373. 1249.  604.  510.  509.]
TN: [4658. 5628. 4574. 4022. 4319. 4345. 4920.]
FP: [335.  35. 446. 194. 389. 456. 125.]
FN: [284.  26. 348. 276. 429. 430. 187.]
ACC: 65.51123809814453
_______
Epoch: 131
TP: [ 471.   50.  364. 1264.  599.  539.  499.]
TN: [4648. 5629. 4602. 4017. 4335. 4312. 4948.]
FP: [328.  37. 455. 179. 394. 427. 135.]
FN: [294.  25. 320. 281. 413. 463. 159.]
ACC: 65.94670104980469
_______
Epoch: 132
TP: [ 481.   49.  389. 1252.  545.  548.  494.]
TN: [4603. 5633. 4552. 4026. 4400. 4283. 4966.]
FP: [318.  38. 430. 191. 448. 418. 140.]
FN: [339.  21. 370. 272. 348. 492. 141.]
ACC: 65.45897674560547
_______
Epoch: 133
TP: [ 495.   49.  358. 1271.  587.  499.  498.]
TN: [4584. 5631. 4640. 3968. 4324. 4364. 4951.]
FP: [304.  38. 461. 172. 406. 467. 136.]
FN: [358.  23. 282. 330. 424. 411. 156.]
ACC: 65.44155883789062
_______
Epoch: 134
TP: [ 455.   52.  378. 1231.  618.  538.  511.]
TN: [4680. 5629. 4590. 4056. 4308. 4296. 4929.]
FP: [344.  35. 441. 212. 375. 428. 123.]
FN: [262.  25. 332. 242. 440. 479. 178.]
ACC: 65.89444732666016
_______
Epoch: 135
TP: [ 499.   51.  345. 1257.  573.  566.  494.]
TN: [4570. 5629. 4658. 4040. 4367. 4256. 4970.]
FP: [300.  36. 474. 186. 420. 400. 140.]
FN: [372.  25. 264. 258. 381. 519. 137.]
ACC: 65.92928314208984
_______
Epoch: 136
TP: [ 493.   50.  384. 1233.  581.  543.  496.]
TN: [4587. 5633. 4566. 4065. 4365. 4306. 4963.]
FP: [306.  37. 435. 210. 412. 423. 138.]
FN: [355.  21. 356. 233. 383. 469. 144.]
ACC: 65.8421859741211
_______
Epoch: 137
TP: [ 459.   53.  361. 1260.  606.  542.  506.]
TN: [4676. 5629. 4623. 4020. 4331. 4278. 4935.]
FP: [340.  34. 458. 183. 387. 424. 128.]
FN: [266.  25. 299. 278. 417. 497. 172.]
ACC: 65.96411895751953
_______
Epoch: 138
TP: [ 493.   49.  373. 1232.  590.  521.  512.]
TN: [4584. 5636. 4589. 4056. 4349. 4339. 4922.]
FP: [306.  38. 446. 211. 403. 445. 122.]
FN: [358.  18. 333. 242. 399. 436. 185.]
ACC: 65.66799926757812
_______
Epoch: 139
TP: [ 486.   52.  357. 1243.  599.  525.  500.]
TN: [4596. 5629. 4627. 4036. 4311. 4318. 4950.]
FP: [313.  35. 462. 200. 394. 441. 134.]
FN: [346.  25. 295. 262. 437. 457. 157.]
ACC: 65.52865600585938
_______
Epoch: 140
TP: [ 483.   52.  352. 1277.  607.  517.  498.]
TN: [4615. 5622. 4658. 3991. 4318. 4327. 4960.]
FP: [316.  35. 467. 166. 386. 449. 136.]
FN: [327.  32. 264. 307. 430. 448. 147.]
ACC: 65.94670104980469
_______
Epoch: 141
TP: [ 475.   50.  367. 1257.  617.  514.  502.]
TN: [4634. 5631. 4612. 4013. 4311. 4336. 4950.]
FP: [324.  37. 452. 186. 376. 452. 132.]
FN: [308.  23. 310. 285. 437. 439. 157.]
ACC: 65.87702178955078
_______
Epoch: 142
TP: [ 485.   52.  382. 1241.  581.  536.  496.]
TN: [4608. 5631. 4581. 4046. 4345. 4308. 4959.]
FP: [314.  35. 437. 202. 412. 430. 138.]
FN: [334.  23. 341. 252. 403. 467. 148.]
ACC: 65.72026062011719
_______
Epoch: 143
TP: [ 492.   49.  360. 1231.  630.  514.  501.]
TN: [4593. 5635. 4629. 4053. 4270. 4354. 4948.]
FP: [307.  38. 459. 212. 363. 452. 133.]
FN: [349.  19. 293. 245. 478. 421. 159.]
ACC: 65.78993225097656
_______
Epoch: 144
TP: [ 478.   50.  368. 1247.  602.  494.  506.]
TN: [4612. 5628. 4600. 4008. 4306. 4380. 4916.]
FP: [321.  37. 451. 196. 391. 472. 128.]
FN: [330.  26. 322. 290. 442. 395. 191.]
ACC: 65.23253631591797
_______
Epoch: 145
TP: [ 455.   51.  350. 1233.  611.  544.  508.]
TN: [4672. 5631. 4622. 4037. 4306. 4273. 4916.]
FP: [344.  36. 469. 210. 382. 422. 126.]
FN: [270.  23. 300. 261. 442. 502. 191.]
ACC: 65.3544692993164
_______
Epoch: 146
TP: [ 477.   52.  336. 1263.  600.  554.  502.]
TN: [4629. 5628. 4681. 4003. 4322. 4275. 4951.]
FP: [322.  35. 483. 180. 393. 412. 132.]
FN: [313.  26. 241. 295. 426. 500. 156.]
ACC: 65.911865234375
_______
Epoch: 147
TP: [ 493.   52.  369. 1232.  587.  528.  505.]
TN: [4576. 5633. 4614. 4035. 4345. 4332. 4936.]
FP: [306.  35. 450. 211. 406. 438. 129.]
FN: [366.  21. 308. 263. 403. 443. 171.]
ACC: 65.59832763671875
_______
Epoch: 148
TP: [ 481.   52.  386. 1274.  584.  488.  493.]
TN: [4613. 5630. 4544. 3972. 4353. 4393. 4958.]
FP: [318.  35. 433. 169. 409. 478. 141.]
FN: [329.  24. 378. 326. 395. 382. 149.]
ACC: 65.45897674560547
_______
Epoch: 149
TP: [ 473.   52.  359. 1254.  601.  531.  505.]
TN: [4637. 5625. 4619. 4010. 4330. 4318. 4941.]
FP: [326.  35. 460. 189. 392. 435. 129.]
FN: [305.  29. 303. 288. 418. 457. 166.]
ACC: 65.75509643554688
_______
Epoch: 150
TP: [ 496.   52.  375. 1235.  583.  547.  492.]
TN: [4599. 5629. 4579. 4053. 4342. 4313. 4970.]
FP: [303.  35. 444. 208. 410. 419. 142.]
FN: [343.  25. 343. 245. 406. 462. 137.]
ACC: 65.8421859741211
_______
Epoch: 151
TP: [ 486.   52.  365. 1234.  627.  503.  504.]
TN: [4599. 5632. 4612. 4043. 4273. 4380. 4937.]
FP: [313.  35. 454. 209. 366. 463. 130.]
FN: [343.  22. 310. 255. 475. 395. 170.]
ACC: 65.6854248046875
_______
Epoch: 152
TP: [ 521.   49.  353. 1237.  609.  509.  502.]
TN: [4533. 5636. 4640. 4050. 4317. 4359. 4950.]
FP: [278.  38. 466. 206. 384. 457. 132.]
FN: [409.  18. 282. 248. 431. 416. 157.]
ACC: 65.8421859741211
_______
Epoch: 153
TP: [ 483.   51.  370. 1277.  590.  500.  499.]
TN: [4621. 5630. 4623. 3972. 4325. 4361. 4943.]
FP: [316.  36. 449. 166. 403. 466. 135.]
FN: [321.  24. 299. 326. 423. 414. 164.]
ACC: 65.66799926757812
_______
Epoch: 154
TP: [ 496.   52.  349. 1276.  605.  499.  501.]
TN: [4596. 5629. 4649. 3980. 4306. 4373. 4950.]
FP: [303.  35. 470. 167. 388. 467. 133.]
FN: [346.  25. 273. 318. 442. 402. 157.]
ACC: 65.8073501586914
_______
Epoch: 155
TP: [ 480.   53.  347. 1254.  594.  552.  505.]
TN: [4630. 5625. 4637. 4027. 4335. 4296. 4940.]
FP: [319.  34. 472. 189. 399. 414. 129.]
FN: [312.  29. 285. 271. 413. 479. 167.]
ACC: 65.92928314208984
_______
Epoch: 156
TP: [ 491.   49.  365. 1237.  594.  527.  493.]
TN: [4585. 5633. 4562. 4056. 4329. 4329. 4967.]
FP: [308.  38. 454. 206. 399. 439. 141.]
FN: [357.  21. 360. 242. 419. 446. 140.]
ACC: 65.42414093017578
_______
Epoch: 157
TP: [ 498.   51.  382. 1234.  553.  551.  497.]
TN: [4584. 5626. 4564. 4053. 4408. 4292. 4944.]
FP: [301.  36. 437. 209. 440. 415. 137.]
FN: [358.  28. 358. 245. 340. 483. 163.]
ACC: 65.59832763671875
_______
Epoch: 158
TP: [ 481.   51.  374. 1225.  598.  556.  486.]
TN: [4632. 5630. 4585. 4073. 4316. 4273. 4967.]
FP: [318.  36. 445. 218. 395. 410. 148.]
FN: [310.  24. 337. 225. 432. 502. 140.]
ACC: 65.6854248046875
_______
Epoch: 159
TP: [ 472.   52.  353. 1260.  624.  532.  501.]
TN: [4656. 5627. 4640. 4022. 4292. 4316. 4946.]
FP: [327.  35. 466. 183. 369. 434. 133.]
FN: [286.  27. 282. 276. 456. 459. 161.]
ACC: 66.08605194091797
_______
Epoch: 160
TP: [ 514.   49.  363. 1245.  599.  508.  497.]
TN: [4557. 5638. 4606. 4057. 4320. 4344. 4958.]
FP: [285.  38. 456. 198. 394. 458. 137.]
FN: [385.  16. 316. 241. 428. 431. 149.]
ACC: 65.75509643554688
_______
Epoch: 161
TP: [ 469.   49.  348. 1263.  648.  509.  500.]
TN: [4648. 5629. 4646. 4001. 4259. 4356. 4952.]
FP: [330.  38. 471. 180. 345. 457. 134.]
FN: [294.  25. 276. 297. 489. 419. 155.]
ACC: 65.94670104980469
_______
Epoch: 162
TP: [ 499.   49.  380. 1265.  597.  491.  493.]
TN: [4584. 5633. 4561. 4027. 4343. 4369. 4962.]
FP: [300.  38. 439. 178. 396. 475. 141.]
FN: [358.  21. 361. 271. 405. 406. 145.]
ACC: 65.73767852783203
_______
Epoch: 163
TP: [ 482.   53.  373. 1252.  615.  520.  484.]
TN: [4619. 5625. 4601. 4026. 4292. 4346. 4975.]
FP: [317.  34. 446. 191. 378. 446. 150.]
FN: [323.  29. 321. 272. 456. 429. 132.]
ACC: 65.82476806640625
_______
Epoch: 164
TP: [ 478.   49.  369. 1264.  588.  507.  513.]
TN: [4618. 5627. 4594. 4011. 4338. 4361. 4924.]
FP: [321.  38. 450. 179. 405. 459. 121.]
FN: [324.  27. 328. 287. 410. 414. 183.]
ACC: 65.63316345214844
_______
Epoch: 165
TP: [ 489.   49.  347. 1259.  605.  495.  520.]
TN: [4597. 5628. 4643. 4013. 4305. 4378. 4905.]
FP: [310.  38. 472. 184. 388. 471. 114.]
FN: [345.  26. 279. 285. 443. 397. 202.]
ACC: 65.56349182128906
_______
Epoch: 166
TP: [ 460.   49.  387. 1273.  580.  517.  501.]
TN: [4659. 5629. 4538. 3993. 4366. 4341. 4946.]
FP: [339.  38. 432. 170. 413. 449. 133.]
FN: [283.  25. 384. 305. 382. 434. 161.]
ACC: 65.6157455444336
_______
Epoch: 167
TP: [ 499.   50.  358. 1256.  585.  545.  501.]
TN: [4577. 5625. 4617. 4048. 4375. 4301. 4956.]
FP: [300.  37. 461. 187. 408. 421. 133.]
FN: [365.  29. 305. 250. 373. 474. 151.]
ACC: 66.08605194091797
_______
Epoch: 168
TP: [ 488.   50.  356. 1256.  598.  527.  506.]
TN: [4608. 5626. 4611. 4036. 4350. 4319. 4936.]
FP: [311.  37. 463. 187. 395. 439. 128.]
FN: [334.  28. 311. 262. 398. 456. 171.]
ACC: 65.85960388183594
_______
Epoch: 169
TP: [ 509.   49.  345. 1261.  587.  521.  507.]
TN: [4558. 5633. 4635. 4026. 4367. 4330. 4935.]
FP: [290.  38. 474. 182. 406. 445. 127.]
FN: [384.  21. 287. 272. 381. 445. 172.]
ACC: 65.82476806640625
_______
Epoch: 170
TP: [ 464.   50.  382. 1271.  603.  511.  497.]
TN: [4654. 5624. 4570. 3992. 4329. 4360. 4954.]
FP: [335.  37. 437. 172. 390. 455. 137.]
FN: [288.  30. 352. 306. 419. 415. 153.]
ACC: 65.8073501586914
_______
Epoch: 171
TP: [ 465.   50.  354. 1248.  632.  521.  508.]
TN: [4653. 5633. 4625. 4026. 4279. 4333. 4934.]
FP: [334.  37. 465. 195. 361. 445. 126.]
FN: [289.  21. 297. 272. 469. 442. 173.]
ACC: 65.8073501586914
_______
Epoch: 172
TP: [ 488.   49.  335. 1252.  592.  544.  503.]
TN: [4597. 5631. 4659. 4036. 4337. 4272. 4936.]
FP: [311.  38. 484. 191. 401. 422. 131.]
FN: [345.  23. 263. 262. 411. 503. 171.]
ACC: 65.54607391357422
_______
Epoch: 173
TP: [ 501.   48.  365. 1263.  591.  518.  488.]
TN: [4591. 5633. 4609. 4012. 4334. 4328. 4972.]
FP: [298.  39. 454. 180. 402. 448. 146.]
FN: [351.  21. 313. 286. 414. 447. 135.]
ACC: 65.73767852783203
_______
Epoch: 174
TP: [ 492.   49.  359. 1230.  620.  529.  498.]
TN: [4614. 5635. 4616. 4064. 4284. 4330. 4939.]
FP: [307.  38. 460. 213. 373. 437. 136.]
FN: [328.  19. 306. 234. 464. 445. 168.]
ACC: 65.78993225097656
_______
Epoch: 175
TP: [ 482.   49.  380. 1270.  603.  496.  487.]
TN: [4617. 5619. 4578. 3990. 4326. 4378. 4964.]
FP: [317.  38. 439. 173. 390. 470. 147.]
FN: [325.  35. 344. 308. 422. 397. 143.]
ACC: 65.6157455444336
_______
Epoch: 176
TP: [ 515.   49.  342. 1242.  597.  530.  500.]
TN: [4559. 5634. 4632. 4057. 4336. 4316. 4946.]
FP: [284.  38. 477. 201. 396. 436. 134.]
FN: [383.  20. 290. 241. 412. 459. 161.]
ACC: 65.75509643554688
_______
Epoch: 177
TP: [ 486.   49.  378. 1248.  628.  521.  496.]
TN: [4632. 5631. 4595. 4044. 4293. 4340. 4976.]
FP: [313.  38. 441. 195. 365. 445. 138.]
FN: [310.  23. 327. 254. 455. 435. 131.]
ACC: 66.29507446289062
_______
Epoch: 178
TP: [ 493.   49.  363. 1258.  575.  540.  505.]
TN: [4609. 5632. 4603. 4031. 4369. 4303. 4941.]
FP: [306.  38. 456. 185. 418. 426. 129.]
FN: [333.  22. 319. 267. 379. 472. 166.]
ACC: 65.89444732666016
_______
Epoch: 179
TP: [ 478.   50.  371. 1245.  642.  498.  499.]
TN: [4636. 5629. 4582. 4049. 4261. 4370. 4961.]
FP: [321.  37. 448. 198. 351. 468. 135.]
FN: [306.  25. 340. 249. 487. 405. 146.]
ACC: 65.89444732666016
_______
Epoch: 180
TP: [ 482.   48.  370. 1253.  592.  546.  500.]
TN: [4629. 5632. 4591. 4043. 4350. 4295. 4956.]
FP: [317.  39. 449. 190. 401. 420. 134.]
FN: [313.  22. 331. 255. 398. 480. 151.]
ACC: 66.0337905883789
_______
Epoch: 181
TP: [ 474.   49.  354. 1242.  600.  537.  508.]
TN: [4632. 5630. 4633. 4048. 4323. 4288. 4915.]
FP: [325.  38. 465. 201. 393. 429. 126.]
FN: [310.  24. 289. 250. 425. 487. 192.]
ACC: 65.56349182128906
_______
Epoch: 182
TP: [ 496.   49.  357. 1244.  605.  520.  501.]
TN: [4597. 5632. 4607. 4049. 4316. 4334. 4942.]
FP: [303.  38. 462. 199. 388. 446. 133.]
FN: [345.  22. 315. 249. 432. 441. 165.]
ACC: 65.70284271240234
_______
Epoch: 183
TP: [ 456.   51.  349. 1272.  608.  534.  503.]
TN: [4667. 5628. 4646. 3979. 4314. 4308. 4936.]
FP: [343.  36. 470. 171. 385. 432. 131.]
FN: [275.  26. 276. 319. 434. 467. 171.]
ACC: 65.72026062011719
_______
Epoch: 184
TP: [ 485.   52.  374. 1265.  582.  493.  509.]
TN: [4619. 5627. 4583. 3992. 4357. 4373. 4914.]
FP: [314.  35. 445. 178. 411. 473. 125.]
FN: [323.  27. 339. 306. 391. 402. 193.]
ACC: 65.49382019042969
_______
Epoch: 185
TP: [ 510.   48.  378. 1256.  586.  513.  492.]
TN: [4551. 5628. 4587. 4031. 4358. 4361. 4972.]
FP: [289.  39. 441. 187. 407. 453. 142.]
FN: [391.  26. 335. 267. 390. 414. 135.]
ACC: 65.89444732666016
_______
Epoch: 186
TP: [ 478.   52.  382. 1231.  616.  529.  498.]
TN: [4640. 5627. 4570. 4063. 4313. 4340. 4938.]
FP: [321.  35. 437. 212. 377. 437. 136.]
FN: [302.  27. 352. 235. 435. 435. 169.]
ACC: 65.94670104980469
_______
Epoch: 187
TP: [ 493.   52.  370. 1254.  587.  518.  503.]
TN: [4595. 5624. 4611. 4019. 4346. 4351. 4936.]
FP: [306.  35. 449. 189. 406. 448. 131.]
FN: [347.  30. 311. 279. 402. 424. 171.]
ACC: 65.78993225097656
_______
Epoch: 188
TP: [ 492.   50.  361. 1258.  579.  533.  505.]
TN: [4611. 5628. 4623. 4005. 4361. 4321. 4934.]
FP: [307.  37. 458. 185. 414. 433. 129.]
FN: [331.  26. 299. 293. 387. 454. 173.]
ACC: 65.8073501586914
_______
Epoch: 189
TP: [ 489.   49.  353. 1262.  600.  515.  505.]
TN: [4606. 5629. 4640. 3989. 4329. 4342. 4943.]
FP: [310.  38. 466. 181. 393. 451. 129.]
FN: [336.  25. 282. 309. 419. 433. 164.]
ACC: 65.72026062011719
_______
Epoch: 190
TP: [ 498.   48.  366. 1226.  634.  503.  502.]
TN: [4583. 5636. 4605. 4069. 4277. 4379. 4933.]
FP: [301.  39. 453. 217. 359. 463. 132.]
FN: [359.  18. 317. 229. 471. 396. 174.]
ACC: 65.78993225097656
_______
Epoch: 191
TP: [ 480.   51.  384. 1247.  606.  532.  486.]
TN: [4636. 5629. 4569. 4028. 4330. 4326. 4973.]
FP: [319.  36. 435. 196. 387. 434. 148.]
FN: [306.  25. 353. 270. 418. 449. 134.]
ACC: 65.94670104980469
_______
Epoch: 192
TP: [ 472.   52.  371. 1249.  614.  512.  505.]
TN: [4645. 5622. 4610. 4005. 4313. 4353. 4932.]
FP: [327.  35. 448. 194. 379. 454. 129.]
FN: [297.  32. 312. 293. 435. 422. 175.]
ACC: 65.75509643554688
_______
Epoch: 193
TP: [ 480.   50.  359. 1251.  660.  487.  501.]
TN: [4635. 5634. 4625. 4011. 4231. 4402. 4955.]
FP: [319.  37. 460. 192. 333. 479. 133.]
FN: [307.  20. 297. 287. 517. 373. 152.]
ACC: 65.98153686523438
_______
Epoch: 194
TP: [ 466.   49.  343. 1238.  617.  556.  511.]
TN: [4651. 5632. 4649. 4047. 4311. 4262. 4933.]
FP: [333.  38. 476. 205. 376. 410. 123.]
FN: [291.  22. 273. 251. 437. 513. 174.]
ACC: 65.8421859741211
_______
Epoch: 195
TP: [ 489.   51.  380. 1240.  608.  491.  503.]
TN: [4587. 5625. 4572. 4042. 4326. 4385. 4930.]
FP: [310.  36. 439. 203. 385. 475. 131.]
FN: [355.  29. 350. 256. 422. 390. 177.]
ACC: 65.52865600585938
_______
Epoch: 196
TP: [ 492.   50.  370. 1227.  640.  507.  493.]
TN: [4594. 5628. 4613. 4067. 4263. 4350. 4969.]
FP: [307.  37. 449. 216. 353. 459. 141.]
FN: [348.  26. 309. 231. 485. 425. 138.]
ACC: 65.82476806640625
_______
Epoch: 197
TP: [ 479.   51.  374. 1254.  566.  542.  504.]
TN: [4612. 5624. 4580. 4032. 4393. 4295. 4939.]
FP: [320.  36. 445. 189. 427. 424. 130.]
FN: [330.  30. 342. 266. 355. 480. 168.]
ACC: 65.66799926757812
_______
Epoch: 198
TP: [ 496.   49.  353. 1254.  594.  526.  499.]
TN: [4578. 5635. 4634. 4016. 4333. 4323. 4957.]
FP: [303.  38. 466. 189. 399. 440. 135.]
FN: [364.  19. 288. 282. 415. 452. 150.]
ACC: 65.6854248046875
_______
Epoch: 199
TP: [ 471.   49.  379. 1280.  619.  466.  491.]
TN: [4639. 5627. 4579. 3944. 4273. 4434. 4964.]
FP: [328.  38. 440. 163. 374. 500. 143.]
FN: [303.  27. 343. 354. 475. 341. 143.]
ACC: 65.40672302246094
_______
Epoch: 200
TP: [ 474.   49.  362. 1265.  640.  495.  496.]
TN: [4633. 5629. 4637. 4002. 4262. 4370. 4953.]
FP: [325.  38. 457. 178. 353. 471. 138.]
FN: [309.  25. 285. 296. 486. 405. 154.]
ACC: 65.85960388183594
_______
