Epoch: 1
TP: [ 139.    0.  181. 1026.  368.  117.  316.]
TN: [4633. 5653. 4372. 2990. 3979. 4484. 4741.]
FP: [660.  87. 638. 417. 625. 849. 318.]
FN: [3.090e+02 1.000e+00 5.500e+02 1.308e+03 7.690e+02 2.910e+02 3.660e+02]
ACC: 37.397666931152344
_______
Epoch: 2
TP: [1.920e+02 1.000e+00 1.600e+02 1.005e+03 2.660e+02 6.130e+02 2.320e+02]
TN: [4727. 5654. 4535. 3609. 4457. 3174. 5018.]
FP: [607.  86. 659. 438. 727. 353. 402.]
FN: [ 215.    0.  387.  689.  291. 1601.   89.]
ACC: 43.006446838378906
_______
Epoch: 3
TP: [251.   2. 329. 813. 188. 509. 375.]
TN: [4485. 5654. 3913. 4023. 4590. 3722. 4785.]
FP: [548.  85. 490. 630. 805. 457. 259.]
FN: [ 457.    0. 1009.  275.  158. 1053.  322.]
ACC: 42.97160720825195
_______
Epoch: 4
TP: [ 297.   22.  242. 1097.  511.  447.  451.]
TN: [4623. 5627. 4504. 3918. 4199. 4104. 4797.]
FP: [502.  65. 577. 346. 482. 519. 183.]
FN: [319.  27. 418. 380. 549. 671. 310.]
ACC: 53.42274856567383
_______
Epoch: 5
TP: [ 306.   13.  198. 1191.  545.  444.  376.]
TN: [4561. 5648. 4666. 3774. 4076. 4128. 4925.]
FP: [493.  74. 621. 252. 448. 522. 258.]
FN: [381.   6. 256. 524. 672. 647. 182.]
ACC: 53.527259826660156
_______
Epoch: 6
TP: [ 269.   23.  236. 1220.  458.  427.  416.]
TN: [4618. 5631. 4508. 3657. 4295. 4153. 4892.]
FP: [530.  64. 583. 223. 535. 539. 218.]
FN: [324.  23. 414. 641. 453. 622. 215.]
ACC: 53.109214782714844
_______
Epoch: 7
TP: [ 309.   21.  123. 1229.  471.  476.  327.]
TN: [4538. 5632. 4786. 3554. 4160. 3970. 5021.]
FP: [490.  66. 696. 214. 522. 490. 307.]
FN: [404.  22. 136. 744. 588. 805.  86.]
ACC: 51.489288330078125
_______
Epoch: 8
TP: [ 229.   36.  346. 1087.  458.  355.  469.]
TN: [4691. 5578. 4213. 3953. 4242. 4306. 4702.]
FP: [570.  51. 473. 356. 535. 611. 165.]
FN: [251.  76. 709. 345. 506. 469. 405.]
ACC: 51.90733337402344
_______
Epoch: 9
TP: [ 291.   38.  273. 1165.  583.  372.  369.]
TN: [4583. 5568. 4522. 3839. 4048. 4243. 4993.]
FP: [508.  49. 546. 278. 410. 594. 265.]
FN: [359.  86. 400. 459. 700. 532. 114.]
ACC: 53.84079360961914
_______
Epoch: 10
TP: [ 327.   25.  313. 1114.  572.  295.  430.]
TN: [4538. 5620. 4366. 3959. 4019. 4430. 4849.]
FP: [472.  62. 506. 329. 421. 671. 204.]
FN: [404.  34. 556. 339. 729. 345. 258.]
ACC: 53.57951736450195
_______
Epoch: 11
TP: [ 346.   33.  278. 1155.  462.  442.  406.]
TN: [4425. 5612. 4504. 3858. 4295. 4182. 4951.]
FP: [453.  54. 541. 288. 531. 524. 228.]
FN: [517.  42. 418. 440. 453. 593. 156.]
ACC: 54.38077163696289
_______
Epoch: 12
TP: [ 371.   34.  281. 1140.  459.  325.  454.]
TN: [4422. 5607. 4458. 3860. 4229. 4374. 4819.]
FP: [428.  53. 538. 303. 534. 641. 180.]
FN: [520.  47. 464. 438. 519. 401. 288.]
ACC: 53.3704948425293
_______
Epoch: 13
TP: [ 377.   22.  200. 1011.  407.  416.  396.]
TN: [4120. 5620. 4616. 3981. 4241. 4109. 4847.]
FP: [422.  65. 619. 432. 586. 550. 238.]
FN: [822.  34. 306. 317. 507. 666. 260.]
ACC: 49.277130126953125
_______
Epoch: 14
TP: [ 316.   27.  306. 1111.  495.  385.  400.]
TN: [4498. 5636. 4387. 3896. 4175. 4236. 4917.]
FP: [483.  60. 513. 332. 498. 581. 234.]
FN: [444.  18. 535. 402. 573. 539. 190.]
ACC: 52.95244598388672
_______
Epoch: 15
TP: [ 225.   40.  277. 1192.  503.  410.  373.]
TN: [4673. 5602. 4501. 3722. 4141. 4121. 4965.]
FP: [574.  47. 542. 251. 490. 556. 261.]
FN: [269.  52. 421. 576. 607. 654. 142.]
ACC: 52.60407638549805
_______
Epoch: 16
TP: [ 282.   25.  278. 1187.  467.  384.  393.]
TN: [4580. 5630. 4439. 3668. 4231. 4226. 4947.]
FP: [517.  62. 541. 256. 526. 582. 241.]
FN: [362.  24. 483. 630. 517. 549. 160.]
ACC: 52.534400939941406
_______
Epoch: 17
TP: [ 364.   36.  344. 1131.  450.  391.  326.]
TN: [4389. 5609. 4308. 3923. 4294. 4226. 4998.]
FP: [435.  51. 475. 312. 543. 575. 308.]
FN: [553.  45. 614. 375. 454. 549. 109.]
ACC: 52.98728561401367
_______
Epoch: 18
TP: [ 329.   34.  263. 1156.  434.  406.  432.]
TN: [4465. 5612. 4510. 3818. 4300. 4185. 4869.]
FP: [470.  53. 556. 287. 559. 560. 202.]
FN: [477.  42. 412. 480. 448. 590. 238.]
ACC: 53.19630813598633
_______
Epoch: 19
TP: [ 340.   35.  321. 1124.  491.  326.  402.]
TN: [4455. 5628. 4336. 3869. 4204. 4352. 4900.]
FP: [459.  52. 498. 319. 502. 640. 232.]
FN: [487.  26. 586. 429. 544. 423. 207.]
ACC: 52.935028076171875
_______
Epoch: 20
TP: [ 297.   36.  290. 1126.  531.  434.  375.]
TN: [4569. 5618. 4464. 3915. 4152. 4122. 4954.]
FP: [502.  51. 529. 317. 462. 532. 259.]
FN: [373.  36. 458. 383. 596. 653. 153.]
ACC: 53.80595779418945
_______
Epoch: 21
TP: [ 327.   37.  319. 1097.  515.  362.  403.]
TN: [4521. 5600. 4306. 3956. 4157. 4338. 4887.]
FP: [472.  50. 500. 346. 478. 604. 231.]
FN: [421.  54. 616. 342. 591. 437. 220.]
ACC: 53.300819396972656
_______
Epoch: 22
TP: [ 318.   35.  334. 1085.  510.  333.  424.]
TN: [4467. 5605. 4299. 3955. 4197. 4332. 4889.]
FP: [481.  52. 485. 358. 483. 633. 210.]
FN: [475.  49. 623. 343. 551. 443. 218.]
ACC: 52.935028076171875
_______
Epoch: 23
TP: [ 294.   39.  283. 1093.  508.  429.  381.]
TN: [4532. 5594. 4446. 3918. 4179. 4099. 4964.]
FP: [505.  48. 536. 350. 485. 537. 253.]
FN: [410.  60. 476. 380. 569. 676. 143.]
ACC: 52.72600555419922
_______
Epoch: 24
TP: [ 320.   40.  357. 1107.  434.  356.  407.]
TN: [4463. 5615. 4292. 3864. 4336. 4231. 4925.]
FP: [479.  47. 462. 336. 559. 610. 227.]
FN: [479.  39. 630. 434. 412. 544. 182.]
ACC: 52.62149429321289
_______
Epoch: 25
TP: [ 261.   28.  341. 1063.  451.  427.  398.]
TN: [4606. 5623. 4254. 3951. 4264. 4040. 4936.]
FP: [538.  59. 478. 380. 542. 539. 236.]
FN: [336.  31. 668. 347. 484. 735. 171.]
ACC: 51.715728759765625
_______
Epoch: 26
TP: [ 294.   43.  284. 1084.  459.  395.  412.]
TN: [4487. 5550. 4451. 3920. 4244. 4146. 4878.]
FP: [505.  44. 535. 359. 534. 571. 222.]
FN: [455. 104. 471. 378. 504. 629. 229.]
ACC: 51.75056457519531
_______
Epoch: 27
TP: [ 276.   29.  360. 1089.  354.  424.  381.]
TN: [4527. 5617. 4161. 3902. 4397. 4099. 4915.]
FP: [523.  58. 459. 354. 639. 542. 253.]
FN: [415.  37. 761. 396. 351. 676. 192.]
ACC: 50.74028778076172
_______
Epoch: 28
TP: [ 281.   34.  291. 1101.  471.  446.  350.]
TN: [4558. 5599. 4384. 3904. 4212. 4061. 4961.]
FP: [518.  53. 528. 342. 522. 520. 284.]
FN: [384.  55. 538. 394. 536. 714. 146.]
ACC: 51.80282211303711
_______
Epoch: 29
TP: [ 270.   35.  259. 1085.  464.  412.  424.]
TN: [4566. 5613. 4436. 3914. 4203. 4109. 4813.]
FP: [529.  52. 560. 358. 529. 554. 210.]
FN: [376.  41. 486. 384. 545. 666. 294.]
ACC: 51.36735916137695
_______
Epoch: 30
TP: [ 280.   36.  312. 1048.  459.  402.  415.]
TN: [4550. 5581. 4392. 3943. 4206. 4123. 4862.]
FP: [519.  51. 507. 395. 534. 564. 219.]
FN: [392.  73. 530. 355. 542. 652. 245.]
ACC: 51.419612884521484
_______
Epoch: 31
TP: [ 306.   35.  259. 1039.  463.  481.  440.]
TN: [4546. 5596. 4535. 3972. 4220. 4032. 4827.]
FP: [493.  52. 560. 404. 530. 485. 194.]
FN: [396.  58. 387. 326. 528. 743. 280.]
ACC: 52.65633010864258
_______
Epoch: 32
TP: [ 298.   35.  296. 1037.  446.  483.  374.]
TN: [4479. 5620. 4477. 3980. 4257. 3904. 4957.]
FP: [501.  52. 523. 406. 547. 483. 260.]
FN: [463.  34. 445. 318. 491. 871. 150.]
ACC: 51.715728759765625
_______
Epoch: 33
TP: [ 333.   38.  317. 1030.  435.  469.  411.]
TN: [4456. 5612. 4395. 4059. 4308. 4005. 4903.]
FP: [466.  49. 502. 413. 558. 497. 223.]
FN: [486.  42. 527. 239. 440. 770. 204.]
ACC: 52.83051681518555
_______
Epoch: 34
TP: [ 262.   35.  266. 1139.  530.  443.  416.]
TN: [4655. 5622. 4524. 3869. 4109. 4138. 4879.]
FP: [537.  52. 553. 304. 463. 523. 218.]
FN: [287.  32. 398. 429. 639. 637. 228.]
ACC: 53.84079360961914
_______
Epoch: 35
TP: [ 319.   31.  268. 1069.  450.  400.  436.]
TN: [4422. 5618. 4433. 3927. 4302. 4174. 4802.]
FP: [480.  56. 551. 374. 543. 566. 198.]
FN: [520.  36. 489. 371. 446. 601. 305.]
ACC: 51.785404205322266
_______
Epoch: 36
TP: [ 281.   36.  307. 1102.  414.  458.  399.]
TN: [4585. 5623. 4417. 3905. 4319. 3995. 4858.]
FP: [518.  51. 512. 341. 579. 508. 235.]
FN: [357.  31. 505. 393. 429. 780. 249.]
ACC: 52.20344924926758
_______
Epoch: 37
TP: [ 263.   36.  290. 1190.  466.  347.  399.]
TN: [4525. 5604. 4464. 3703. 4207. 4293. 4900.]
FP: [536.  51. 529. 253. 527. 619. 235.]
FN: [417.  50. 458. 595. 541. 482. 207.]
ACC: 52.09893798828125
_______
Epoch: 38
TP: [ 288.   34.  345. 1106.  438.  410.  371.]
TN: [4539. 5607. 4301. 3920. 4279. 4115. 4936.]
FP: [511.  53. 474. 337. 555. 556. 263.]
FN: [403.  47. 621. 378. 469. 660. 171.]
ACC: 52.116355895996094
_______
Epoch: 39
TP: [ 342.   37.  341. 1117.  449.  307.  379.]
TN: [4386. 5612. 4288. 3883. 4251. 4331. 4926.]
FP: [457.  50. 478. 326. 544. 659. 255.]
FN: [556.  42. 634. 415. 497. 444. 181.]
ACC: 51.76798629760742
_______
Epoch: 40
TP: [ 327.   39.  282. 1029.  484.  346.  433.]
TN: [4440. 5624. 4433. 3972. 4164. 4250. 4762.]
FP: [472.  48. 537. 414. 509. 620. 201.]
FN: [502.  30. 489. 326. 584. 525. 345.]
ACC: 51.21059036254883
_______
Epoch: 41
TP: [ 281.   37.  303. 1144.  461.  369.  387.]
TN: [4468. 5603. 4381. 3841. 4250. 4217. 4927.]
FP: [518.  50. 516. 299. 532. 597. 247.]
FN: [474.  51. 541. 457. 498. 558. 180.]
ACC: 51.942169189453125
_______
Epoch: 42
TP: [ 297.   36.  319. 1112.  396.  387.  408.]
TN: [4556. 5620. 4309. 3820. 4350. 4126. 4879.]
FP: [502.  51. 500. 331. 597. 579. 226.]
FN: [386.  34. 613. 478. 398. 649. 228.]
ACC: 51.47187042236328
_______
Epoch: 43
TP: [ 281.   34.  334. 1106.  429.  448.  399.]
TN: [4560. 5621. 4329. 3958. 4313. 4023. 4932.]
FP: [518.  53. 485. 337. 564. 518. 235.]
FN: [382.  33. 593. 340. 435. 752. 175.]
ACC: 52.79568099975586
_______
Epoch: 44
TP: [311.  32. 330. 984. 515. 382. 435.]
TN: [4508. 5622. 4371. 4074. 4111. 4164. 4844.]
FP: [488.  55. 489. 459. 478. 584. 199.]
FN: [434.  32. 551. 224. 637. 611. 263.]
ACC: 52.06410217285156
_______
Epoch: 45
TP: [ 309.   31.  261. 1115.  466.  414.  426.]
TN: [4528. 5641. 4487. 3855. 4240. 4118. 4858.]
FP: [490.  56. 558. 328. 527. 552. 208.]
FN: [414.  13. 435. 443. 508. 657. 249.]
ACC: 52.638912200927734
_______
Epoch: 46
TP: [ 294.   34.  328. 1102.  483.  357.  418.]
TN: [4532. 5611. 4401. 3891. 4201. 4204. 4881.]
FP: [505.  53. 491. 341. 510. 609. 216.]
FN: [410.  43. 521. 407. 547. 571. 226.]
ACC: 52.534400939941406
_______
Epoch: 47
TP: [ 319.   35.  334. 1005.  447.  406.  397.]
TN: [4443. 5619. 4298. 4014. 4290. 4086. 4898.]
FP: [480.  52. 485. 438. 546. 560. 237.]
FN: [499.  35. 624. 284. 458. 689. 209.]
ACC: 51.262847900390625
_______
Epoch: 48
TP: [ 324.   36.  317. 1091.  489.  346.  423.]
TN: [4477. 5616. 4364. 3935. 4202. 4246. 4891.]
FP: [475.  51. 502. 352. 504. 620. 211.]
FN: [465.  38. 558. 363. 546. 529. 216.]
ACC: 52.708587646484375
_______
Epoch: 49
TP: [ 330.   35.  327. 1018.  465.  427.  392.]
TN: [4470. 5604. 4361. 4025. 4229. 4056. 4954.]
FP: [469.  52. 492. 425. 528. 539. 242.]
FN: [472.  50. 561. 273. 519. 719. 153.]
ACC: 52.15119171142578
_______
Epoch: 50
TP: [ 318.   35.  313. 1125.  499.  367.  398.]
TN: [4478. 5609. 4450. 3865. 4178. 4248. 4932.]
FP: [481.  52. 506. 318. 494. 599. 236.]
FN: [464.  45. 472. 433. 570. 527. 175.]
ACC: 53.21372604370117
_______
Epoch: 51
TP: [ 315.   33.  325. 1100.  470.  396.  401.]
TN: [4496. 5611. 4360. 3915. 4267. 4157. 4939.]
FP: [484.  54. 494. 343. 523. 570. 233.]
FN: [446.  43. 562. 383. 481. 618. 168.]
ACC: 52.95244598388672
_______
Epoch: 52
TP: [ 281.   32.  320. 1081.  450.  440.  379.]
TN: [4590. 5622. 4358. 3883. 4277. 4027. 4931.]
FP: [518.  55. 499. 362. 543. 526. 255.]
FN: [352.  32. 564. 415. 471. 748. 176.]
ACC: 51.959590911865234
_______
Epoch: 53
TP: [ 328.   28.  259. 1030.  517.  369.  442.]
TN: [4435. 5625. 4535. 3973. 4092. 4163. 4855.]
FP: [471.  59. 560. 413. 476. 597. 192.]
FN: [507.  29. 387. 325. 656. 612. 252.]
ACC: 51.785404205322266
_______
Epoch: 54
TP: [ 302.   31.  247. 1099.  463.  412.  418.]
TN: [4481. 5623. 4573. 3819. 4212. 4113. 4856.]
FP: [497.  56. 572. 344. 530. 554. 216.]
FN: [461.  31. 349. 479. 536. 662. 251.]
ACC: 51.76798629760742
_______
Epoch: 55
TP: [ 278.   37.  319. 1084.  492.  404.  408.]
TN: [4581. 5605. 4333. 3892. 4244. 4186. 4886.]
FP: [521.  50. 500. 359. 501. 562. 226.]
FN: [361.  49. 589. 406. 504. 589. 221.]
ACC: 52.638912200927734
_______
Epoch: 56
TP: [ 315.   39.  299. 1079.  500.  400.  427.]
TN: [4534. 5609. 4483. 3957. 4183. 4134. 4864.]
FP: [484.  48. 520. 364. 493. 566. 207.]
FN: [408.  45. 439. 341. 565. 641. 243.]
ACC: 53.28340148925781
_______
Epoch: 57
TP: [ 314.   34.  329. 1071.  476.  392.  394.]
TN: [4482. 5621. 4324. 3965. 4251. 4166. 4906.]
FP: [485.  53. 490. 372. 517. 574. 240.]
FN: [460.  33. 598. 333. 497. 609. 201.]
ACC: 52.42988967895508
_______
Epoch: 58
TP: [ 315.   36.  323. 1104.  492.  381.  371.]
TN: [4527. 5628. 4307. 3892. 4200. 4229. 4944.]
FP: [484.  51. 496. 339. 501. 585. 263.]
FN: [415.  26. 615. 406. 548. 546. 163.]
ACC: 52.638912200927734
_______
Epoch: 59
TP: [ 347.   39.  332. 1095.  459.  362.  353.]
TN: [4422. 5613. 4332. 3893. 4252. 4222. 4958.]
FP: [452.  48. 487. 348. 534. 604. 281.]
FN: [520.  41. 590. 405. 496. 553. 149.]
ACC: 52.02926254272461
_______
Epoch: 60
TP: [ 349.   36.  332. 1067.  484.  369.  420.]
TN: [4501. 5615. 4374. 3945. 4190. 4247. 4890.]
FP: [450.  51. 487. 376. 509. 597. 214.]
FN: [441.  39. 548. 353. 558. 528. 217.]
ACC: 53.24856185913086
_______
Epoch: 61
TP: [ 318.   38.  320. 1087.  466.  367.  404.]
TN: [4421. 5606. 4441. 3921. 4204. 4247. 4865.]
FP: [481.  49. 499. 356. 527. 599. 230.]
FN: [521.  48. 481. 377. 544. 528. 242.]
ACC: 52.255706787109375
_______
Epoch: 62
TP: [ 312.   35.  315. 1019.  476.  445.  406.]
TN: [4487. 5623. 4431. 4019. 4194. 4059. 4900.]
FP: [487.  52. 504. 424. 517. 521. 228.]
FN: [455.  31. 491. 279. 554. 716. 207.]
ACC: 52.39505386352539
_______
Epoch: 63
TP: [ 311.   31.  359. 1094.  448.  350.  401.]
TN: [4501. 5633. 4190. 3930. 4314. 4235. 4896.]
FP: [488.  56. 460. 349. 545. 616. 233.]
FN: [441.  21. 732. 368. 434. 540. 211.]
ACC: 52.15119171142578
_______
Epoch: 64
TP: [ 292.   34.  261. 1039.  489.  411.  410.]
TN: [4477. 5605. 4503. 3933. 4129. 4131. 4863.]
FP: [507.  53. 558. 404. 504. 555. 224.]
FN: [465.  49. 419. 365. 619. 644. 244.]
ACC: 51.14091491699219
_______
Epoch: 65
TP: [ 307.   34.  343. 1044.  463.  402.  405.]
TN: [4474. 5612. 4298. 3980. 4231. 4206. 4902.]
FP: [492.  53. 476. 399. 530. 564. 229.]
FN: [468.  42. 624. 318. 517. 569. 205.]
ACC: 52.22086715698242
_______
Epoch: 66
TP: [ 310.   31.  309. 1040.  478.  404.  417.]
TN: [4508. 5627. 4406. 3966. 4181. 4142. 4864.]
FP: [489.  56. 510. 403. 515. 562. 217.]
FN: [434.  27. 516. 332. 567. 633. 243.]
ACC: 52.06410217285156
_______
Epoch: 67
TP: [ 313.   31.  298. 1069.  449.  430.  398.]
TN: [4452. 5637. 4454. 3967. 4244. 4044. 4895.]
FP: [486.  56. 521. 374. 544. 536. 236.]
FN: [490.  17. 468. 331. 504. 731. 212.]
ACC: 52.04668045043945
_______
Epoch: 68
TP: [ 321.   33.  281. 1133.  476.  368.  414.]
TN: [4483. 5615. 4480. 3853. 4209. 4213. 4878.]
FP: [478.  54. 538. 310. 517. 598. 220.]
FN: [459.  39. 442. 445. 539. 562. 229.]
ACC: 52.708587646484375
_______
Epoch: 69
TP: [ 297.   35.  322. 1080.  491.  377.  424.]
TN: [4518. 5629. 4376. 3960. 4167. 4204. 4877.]
FP: [502.  52. 497. 363. 502. 589. 210.]
FN: [424.  25. 546. 338. 581. 571. 230.]
ACC: 52.708587646484375
_______
Epoch: 70
TP: [ 307.   31.  395. 1044.  449.  377.  384.]
TN: [4513. 5639. 4127. 3987. 4316. 4189. 4921.]
FP: [492.  56. 424. 399. 544. 589. 250.]
FN: [429.  15. 795. 311. 432. 586. 186.]
ACC: 52.02926254272461
_______
Epoch: 71
TP: [ 311.   31.  372. 1102.  448.  379.  345.]
TN: [4461. 5630. 4210. 3906. 4312. 4203. 4971.]
FP: [488.  56. 447. 341. 545. 587. 289.]
FN: [481.  24. 712. 392. 436. 572. 136.]
ACC: 52.04668045043945
_______
Epoch: 72
TP: [ 282.   35.  328. 1091.  495.  383.  394.]
TN: [4539. 5615. 4356. 3902. 4208. 4184. 4909.]
FP: [517.  52. 491. 352. 498. 583. 240.]
FN: [403.  39. 566. 396. 540. 591. 198.]
ACC: 52.39505386352539
_______
Epoch: 73
TP: [ 348.   30.  311. 1080.  447.  377.  409.]
TN: [4458. 5629. 4363. 3924. 4249. 4184. 4900.]
FP: [451.  57. 508. 363. 546. 589. 225.]
FN: [484.  25. 559. 374. 499. 591. 207.]
ACC: 52.29054260253906
_______
Epoch: 74
TP: [ 308.   35.  327. 1102.  486.  341.  404.]
TN: [4508. 5631. 4331. 3905. 4199. 4241. 4893.]
FP: [491.  52. 492. 341. 507. 625. 230.]
FN: [434.  23. 591. 393. 549. 534. 214.]
ACC: 52.307960510253906
_______
Epoch: 75
TP: [ 297.   30.  293. 1111.  539.  306.  414.]
TN: [4522. 5623. 4441. 3835. 4080. 4322. 4872.]
FP: [502.  57. 526. 332. 454. 660. 220.]
FN: [420.  31. 481. 463. 668. 453. 235.]
ACC: 52.081520080566406
_______
Epoch: 76
TP: [ 327.   38.  265. 1027.  466.  439.  420.]
TN: [4476. 5611. 4541. 3950. 4209. 4054. 4846.]
FP: [472.  49. 554. 416. 527. 527. 214.]
FN: [466.  43. 381. 348. 539. 721. 261.]
ACC: 51.942169189453125
_______
Epoch: 77
TP: [ 346.   37.  310. 1100.  475.  347.  407.]
TN: [4462. 5613. 4411. 3905. 4244. 4237. 4855.]
FP: [453.  50. 509. 343. 518. 619. 227.]
FN: [480.  41. 511. 393. 504. 538. 252.]
ACC: 52.638912200927734
_______
Epoch: 78
TP: [ 303.   33.  308. 1059.  488.  375.  395.]
TN: [4518. 5620. 4337. 3937. 4190. 4151. 4913.]
FP: [496.  54. 511. 384. 505. 591. 239.]
FN: [424.  34. 585. 361. 558. 624. 194.]
ACC: 51.57638168334961
_______
Epoch: 79
TP: [ 289.   36.  288. 1129.  481.  396.  428.]
TN: [4596. 5616. 4446. 3853. 4217. 4177. 4847.]
FP: [510.  51. 531. 314. 512. 570. 206.]
FN: [346.  38. 476. 445. 531. 598. 260.]
ACC: 53.074378967285156
_______
Epoch: 80
TP: [ 332.   28.  291. 1050.  529.  357.  393.]
TN: [4456. 5642. 4423. 3937. 4068. 4251. 4908.]
FP: [467.  59. 528. 393. 464. 609. 241.]
FN: [486.  12. 499. 361. 680. 524. 199.]
ACC: 51.90733337402344
_______
Epoch: 81
TP: [ 295.   35.  329. 1080.  483.  373.  385.]
TN: [4564. 5629. 4327. 3892. 4181. 4200. 4892.]
FP: [504.  52. 490. 363. 510. 593. 249.]
FN: [378.  25. 595. 406. 567. 575. 215.]
ACC: 51.90733337402344
_______
Epoch: 82
TP: [ 324.   36.  304. 1141.  442.  377.  372.]
TN: [4478. 5610. 4364. 3830. 4282. 4184. 4953.]
FP: [475.  51. 515. 302. 551. 589. 262.]
FN: [464.  44. 558. 468. 466. 591. 154.]
ACC: 52.186031341552734
_______
Epoch: 83
TP: [ 336.   37.  304. 1056.  511.  354.  421.]
TN: [4415. 5612. 4429. 3969. 4182. 4264. 4853.]
FP: [463.  50. 515. 387. 482. 612. 213.]
FN: [527.  42. 493. 329. 566. 511. 254.]
ACC: 52.5866584777832
_______
Epoch: 84
TP: [ 311.   36.  305. 1037.  499.  396.  418.]
TN: [4487. 5616. 4394. 3988. 4179. 4161. 4882.]
FP: [488.  51. 514. 406. 494. 570. 216.]
FN: [455.  38. 528. 310. 569. 614. 225.]
ACC: 52.29054260253906
_______
Epoch: 85
TP: [ 330.   35.  315. 1107.  411.  453.  383.]
TN: [4474. 5613. 4412. 3924. 4349. 4034. 4933.]
FP: [469.  52. 504. 336. 582. 513. 251.]
FN: [468.  41. 510. 374. 399. 741. 174.]
ACC: 52.84793472290039
_______
Epoch: 86
TP: [ 322.   36.  302. 1048.  491.  359.  414.]
TN: [4465. 5598. 4434. 3930. 4145. 4233. 4872.]
FP: [477.  51. 517. 395. 502. 607. 220.]
FN: [477.  56. 488. 368. 603. 542. 235.]
ACC: 51.76798629760742
_______
Epoch: 87
TP: [ 350.   35.  303. 1066.  486.  424.  384.]
TN: [4424. 5631. 4434. 3955. 4243. 4136. 4930.]
FP: [449.  52. 516. 377. 507. 542. 250.]
FN: [518.  23. 488. 343. 505. 639. 177.]
ACC: 53.091796875
_______
Epoch: 88
TP: [ 335.   39.  297. 1096.  465.  378.  393.]
TN: [4410. 5594. 4452. 3908. 4212. 4187. 4945.]
FP: [464.  48. 522. 347. 528. 588. 241.]
FN: [532.  60. 470. 390. 536. 588. 162.]
ACC: 52.307960510253906
_______
Epoch: 89
TP: [ 333.   32.  289. 1068.  523.  373.  365.]
TN: [4414. 5628. 4437. 3941. 4143. 4169. 4956.]
FP: [466.  55. 530. 375. 470. 593. 269.]
FN: [528.  26. 485. 357. 605. 606. 151.]
ACC: 51.959590911865234
_______
Epoch: 90
TP: [ 341.   32.  290. 1024.  462.  421.  401.]
TN: [4405. 5625. 4446. 3999. 4263. 4041. 4897.]
FP: [458.  55. 529. 419. 531. 545. 233.]
FN: [537.  29. 476. 299. 485. 734. 210.]
ACC: 51.75056457519531
_______
Epoch: 91
TP: [ 313.   35.  340. 1075.  449.  374.  396.]
TN: [4465. 5603. 4318. 3957. 4256. 4177. 4911.]
FP: [486.  52. 479. 368. 544. 592. 238.]
FN: [477.  51. 604. 341. 492. 598. 196.]
ACC: 51.942169189453125
_______
Epoch: 92
TP: [ 304.   28.  285. 1073.  505.  425.  390.]
TN: [4548. 5626. 4503. 3941. 4137. 4042. 4918.]
FP: [495.  59. 534. 370. 488. 541. 244.]
FN: [394.  28. 419. 357. 611. 733. 189.]
ACC: 52.42988967895508
_______
Epoch: 93
TP: [ 323.   33.  328. 1079.  484.  348.  416.]
TN: [4476. 5618. 4327. 3943. 4198. 4280. 4874.]
FP: [476.  54. 491. 364. 509. 618. 218.]
FN: [466.  36. 595. 355. 550. 495. 233.]
ACC: 52.44730758666992
_______
Epoch: 94
TP: [ 340.   37.  304. 1019.  460.  367.  395.]
TN: [4320. 5620. 4430. 4009. 4182. 4162. 4904.]
FP: [459.  50. 515. 424. 533. 599. 239.]
FN: [622.  34. 492. 289. 566. 613. 203.]
ACC: 50.897056579589844
_______
Epoch: 95
TP: [ 341.   35.  302. 1043.  496.  377.  400.]
TN: [4380. 5619. 4443. 3980. 4185. 4202. 4890.]
FP: [458.  52. 517. 400. 497. 589. 234.]
FN: [562.  35. 479. 318. 563. 573. 217.]
ACC: 52.15119171142578
_______
Epoch: 96
TP: [ 331.   33.  321. 1035.  490.  408.  391.]
TN: [4445. 5616. 4349. 4009. 4221. 4153. 4921.]
FP: [468.  54. 498. 408. 503. 558. 243.]
FN: [497.  38. 573. 289. 527. 622. 186.]
ACC: 52.412471771240234
_______
Epoch: 97
TP: [ 300.   34.  312. 1055.  532.  375.  397.]
TN: [4506. 5618. 4398. 3936. 4098. 4241. 4913.]
FP: [499.  53. 507. 388. 461. 591. 237.]
FN: [436.  36. 524. 362. 650. 534. 194.]
ACC: 52.342796325683594
_______
Epoch: 98
TP: [ 316.   29.  311. 1184.  437.  388.  397.]
TN: [4474. 5622. 4465. 3768. 4336. 4212. 4890.]
FP: [483.  58. 508. 259. 556. 578. 237.]
FN: [468.  32. 457. 530. 412. 563. 217.]
ACC: 53.335655212402344
_______
Epoch: 99
TP: [ 296.   35.  345. 1084.  503.  371.  410.]
TN: [4516. 5621. 4313. 3947. 4226. 4220. 4906.]
FP: [503.  52. 474. 359. 490. 595. 224.]
FN: [426.  33. 609. 351. 522. 555. 201.]
ACC: 53.02212142944336
_______
Epoch: 100
TP: [ 336.   30.  306. 1137.  454.  372.  397.]
TN: [4484. 5619. 4386. 3824. 4277. 4230. 4917.]
FP: [463.  57. 513. 306. 539. 594. 237.]
FN: [458.  35. 536. 474. 471. 545. 190.]
ACC: 52.8130989074707
_______
Epoch: 101
TP: [ 294.   34.  325. 1081.  482.  400.  377.]
TN: [4517. 5612. 4343. 3919. 4248. 4113. 4946.]
FP: [505.  53. 494. 362. 511. 566. 257.]
FN: [425.  42. 579. 379. 500. 662. 161.]
ACC: 52.13377380371094
_______
Epoch: 102
TP: [ 276.   33.  318. 1073.  515.  392.  396.]
TN: [4573. 5619. 4401. 3922. 4119. 4167. 4907.]
FP: [523.  54. 501. 370. 478. 574. 238.]
FN: [369.  35. 521. 376. 629. 608. 200.]
ACC: 52.307960510253906
_______
Epoch: 103
TP: [ 305.   34.  286. 1141.  392.  400.  436.]
TN: [4519. 5623. 4466. 3778. 4325. 4138. 4850.]
FP: [494.  53. 533. 302. 601. 566. 198.]
FN: [423.  31. 456. 520. 423. 637. 257.]
ACC: 52.15119171142578
_______
Epoch: 104
TP: [ 310.   31.  296. 1073.  490.  409.  420.]
TN: [4466. 5639. 4480. 3954. 4190. 4149. 4856.]
FP: [489.  56. 523. 370. 503. 557. 214.]
FN: [476.  15. 442. 344. 558. 626. 251.]
ACC: 52.76084518432617
_______
Epoch: 105
TP: [ 311.   34.  287. 1108.  493.  412.  420.]
TN: [4470. 5618. 4561. 3880. 4209. 4148. 4884.]
FP: [488.  53. 532. 335. 500. 554. 214.]
FN: [472.  36. 361. 418. 539. 627. 223.]
ACC: 53.38791275024414
_______
Epoch: 106
TP: [ 329.   32.  296. 1119.  506.  342.  397.]
TN: [4447. 5619. 4432. 3864. 4173. 4273. 4918.]
FP: [470.  55. 523. 324. 487. 624. 237.]
FN: [495.  35. 490. 434. 575. 502. 189.]
ACC: 52.62149429321289
_______
Epoch: 107
TP: [ 340.   31.  306. 1073.  444.  343.  409.]
TN: [4364. 5618. 4443. 3908. 4222. 4200. 4896.]
FP: [459.  56. 513. 370. 549. 623. 225.]
FN: [578.  36. 479. 390. 526. 575. 211.]
ACC: 51.315101623535156
_______
Epoch: 108
TP: [ 306.   34.  347. 1119.  458.  348.  378.]
TN: [4451. 5613. 4315. 3874. 4254. 4253. 4935.]
FP: [493.  53. 472. 324. 535. 618. 256.]
FN: [491.  41. 607. 424. 494. 522. 172.]
ACC: 52.081520080566406
_______
Epoch: 109
TP: [ 289.   34.  322. 1079.  490.  399.  404.]
TN: [4556. 5632. 4381. 3912. 4206. 4137. 4898.]
FP: [510.  53. 497. 364. 503. 567. 230.]
FN: [386.  22. 541. 386. 542. 638. 209.]
ACC: 52.55181884765625
_______
Epoch: 110
TP: [ 303.   30.  261. 1011.  530.  441.  381.]
TN: [4494. 5628. 4514. 3989. 4115. 4009. 4913.]
FP: [496.  57. 558. 432. 463. 525. 253.]
FN: [448.  26. 408. 309. 633. 766. 194.]
ACC: 51.50670623779297
_______
Epoch: 111
TP: [ 299.   38.  285. 1118.  495.  348.  422.]
TN: [4505. 5610. 4442. 3857. 4147. 4255. 4894.]
FP: [500.  49. 534. 325. 498. 618. 212.]
FN: [437.  44. 480. 441. 601. 520. 213.]
ACC: 52.342796325683594
_______
Epoch: 112
TP: [ 297.   35.  302. 1077.  480.  413.  408.]
TN: [4505. 5615. 4431. 3917. 4240. 4097. 4912.]
FP: [502.  52. 517. 366. 513. 553. 226.]
FN: [437.  39. 491. 381. 508. 678. 195.]
ACC: 52.46472930908203
_______
Epoch: 113
TP: [ 289.   35.  302. 1103.  481.  397.  405.]
TN: [4551. 5616. 4395. 3870. 4203. 4168. 4914.]
FP: [510.  52. 517. 340. 512. 569. 229.]
FN: [391.  38. 527. 428. 545. 607. 193.]
ACC: 52.46472930908203
_______
Epoch: 114
TP: [ 308.   33.  347. 1042.  476.  363.  420.]
TN: [4481. 5633. 4287. 3970. 4214. 4252. 4857.]
FP: [491.  54. 472. 401. 517. 603. 214.]
FN: [461.  21. 635. 328. 534. 523. 250.]
ACC: 52.06410217285156
_______
Epoch: 115
TP: [ 319.   33.  282. 1100.  484.  402.  376.]
TN: [4426. 5627. 4463. 3865. 4216. 4147. 4957.]
FP: [480.  54. 537. 343. 509. 564. 258.]
FN: [516.  27. 459. 433. 532. 628. 150.]
ACC: 52.186031341552734
_______
Epoch: 116
TP: [ 313.   30.  312. 1014.  472.  384.  414.]
TN: [4448. 5621. 4374. 3984. 4200. 4151. 4866.]
FP: [486.  57. 507. 429. 521. 582. 220.]
FN: [494.  33. 548. 314. 548. 624. 241.]
ACC: 51.193172454833984
_______
Epoch: 117
TP: [ 316.   32.  295. 1053.  481.  388.  412.]
TN: [4436. 5628. 4415. 3931. 4210. 4151. 4911.]
FP: [483.  55. 524. 390. 512. 578. 222.]
FN: [506.  26. 507. 367. 538. 624. 196.]
ACC: 51.855079650878906
_______
Epoch: 118
TP: [ 307.   31.  290. 1136.  466.  374.  420.]
TN: [4489. 5634. 4425. 3871. 4188. 4244. 4878.]
FP: [492.  56. 529. 307. 527. 592. 214.]
FN: [453.  20. 497. 427. 560. 531. 229.]
ACC: 52.67375183105469
_______
Epoch: 119
TP: [ 304.   28.  322. 1072.  470.  421.  405.]
TN: [4508. 5631. 4339. 3958. 4255. 4142. 4894.]
FP: [495.  59. 497. 371. 523. 545. 229.]
FN: [434.  23. 583. 340. 493. 633. 213.]
ACC: 52.638912200927734
_______
Epoch: 120
TP: [ 317.   32.  248. 1083.  508.  338.  410.]
TN: [4402. 5609. 4539. 3853. 4068. 4308. 4862.]
FP: [482.  55. 571. 360. 485. 628. 224.]
FN: [540.  45. 383. 445. 680. 467. 245.]
ACC: 51.14091491699219
_______
Epoch: 121
TP: [ 320.   30.  287. 1045.  525.  389.  402.]
TN: [4409. 5630. 4431. 3977. 4126. 4181. 4949.]
FP: [479.  57. 532. 398. 468. 577. 232.]
FN: [533.  24. 491. 321. 622. 594. 158.]
ACC: 52.22086715698242
_______
Epoch: 122
TP: [ 331.   34.  292. 1062.  470.  425.  410.]
TN: [4474. 5620. 4424. 3967. 4216. 4105. 4923.]
FP: [468.  53. 527. 381. 523. 541. 224.]
FN: [468.  34. 498. 331. 532. 670. 184.]
ACC: 52.67375183105469
_______
Epoch: 123
TP: [ 339.   34.  311. 1072.  462.  361.  414.]
TN: [4415. 5624. 4390. 3941. 4202. 4234. 4892.]
FP: [460.  53. 508. 371. 531. 605. 220.]
FN: [527.  30. 532. 357. 546. 541. 215.]
ACC: 52.13377380371094
_______
Epoch: 124
TP: [ 333.   34.  315. 1103.  456.  403.  405.]
TN: [4463. 5635. 4374. 3928. 4295. 4149. 4910.]
FP: [466.  53. 504. 340. 537. 563. 229.]
FN: [479.  19. 548. 370. 453. 626. 197.]
ACC: 53.109214782714844
_______
Epoch: 125
TP: [ 329.   31.  326. 1079.  433.  382.  399.]
TN: [4411. 5632. 4233. 3940. 4334. 4210. 4924.]
FP: [470.  56. 493. 364. 560. 584. 235.]
FN: [531.  22. 689. 358. 414. 565. 183.]
ACC: 51.889915466308594
_______
Epoch: 126
TP: [ 310.   30.  271. 1098.  514.  354.  423.]
TN: [4517. 5636. 4486. 3836. 4116. 4238. 4876.]
FP: [489.  57. 548. 345. 479. 612. 211.]
FN: [425.  18. 436. 462. 632. 537. 231.]
ACC: 52.255706787109375
_______
Epoch: 127
TP: [ 310.   31.  284. 1119.  493.  427.  393.]
TN: [4516. 5626. 4457. 3894. 4180. 4129. 4960.]
FP: [489.  56. 535. 324. 500. 539. 241.]
FN: [426.  28. 465. 404. 568. 646. 147.]
ACC: 53.24856185913086
_______
Epoch: 128
TP: [ 308.   33.  315. 1119.  413.  398.  394.]
TN: [4472. 5616. 4352. 3816. 4288. 4200. 4941.]
FP: [491.  54. 504. 324. 580. 568. 240.]
FN: [470.  38. 570. 482. 460. 575. 166.]
ACC: 51.90733337402344
_______
Epoch: 129
TP: [ 352.   29.  289. 1002.  503.  370.  404.]
TN: [4333. 5633. 4388. 4011. 4134. 4244. 4911.]
FP: [447.  58. 530. 441. 490. 596. 230.]
FN: [609.  21. 534. 287. 614. 531. 196.]
ACC: 51.36735916137695
_______
Epoch: 130
TP: [ 345.   39.  333. 1059.  469.  383.  390.]
TN: [4416. 5606. 4346. 3972. 4250. 4187. 4946.]
FP: [454.  48. 486. 384. 524. 583. 244.]
FN: [526.  48. 576. 326. 498. 588. 161.]
ACC: 52.56924057006836
_______
Epoch: 131
TP: [ 335.   32.  317. 1066.  481.  373.  411.]
TN: [4413. 5632. 4364. 3920. 4236. 4278. 4877.]
FP: [464.  55. 502. 377. 512. 593. 223.]
FN: [529.  22. 558. 378. 512. 497. 230.]
ACC: 52.51698303222656
_______
Epoch: 132
TP: [ 319.   33.  287. 1068.  440.  406.  422.]
TN: [4455. 5622. 4455. 3891. 4251. 4159. 4847.]
FP: [480.  54. 532. 375. 553. 560. 212.]
FN: [487.  32. 467. 407. 497. 616. 260.]
ACC: 51.82024002075195
_______
Epoch: 133
TP: [ 292.   35.  267. 1069.  508.  359.  395.]
TN: [4543. 5625. 4459. 3864. 4053. 4202. 4884.]
FP: [507.  52. 552. 374. 485. 607. 239.]
FN: [399.  29. 463. 434. 695. 573. 223.]
ACC: 50.94931411743164
_______
Epoch: 134
TP: [ 331.   31.  297. 1080.  475.  386.  386.]
TN: [4454. 5631. 4381. 3922. 4170. 4215. 4918.]
FP: [468.  56. 522. 363. 518. 580. 248.]
FN: [488.  23. 541. 376. 578. 560. 189.]
ACC: 52.011844635009766
_______
Epoch: 135
TP: [ 304.   31.  279. 1126.  517.  365.  383.]
TN: [4534. 5621. 4459. 3822. 4125. 4239. 4910.]
FP: [495.  56. 540. 317. 476. 601. 251.]
FN: [408.  33. 463. 476. 623. 536. 197.]
ACC: 52.342796325683594
_______
Epoch: 136
TP: [ 261.   36.  302. 1156.  483.  422.  389.]
TN: [4630. 5614. 4428. 3818. 4213. 4136. 4915.]
FP: [538.  51. 517. 287. 510. 544. 245.]
FN: [312.  40. 494. 480. 535. 639. 192.]
ACC: 53.109214782714844
_______
Epoch: 137
TP: [ 304.   34.  315. 1067.  506.  401.  408.]
TN: [4528. 5619. 4400. 3972. 4132. 4188. 4901.]
FP: [495.  53. 504. 376. 487. 565. 226.]
FN: [414.  35. 522. 326. 616. 587. 206.]
ACC: 52.8653564453125
_______
Epoch: 138
TP: [ 340.   36.  306. 1029.  432.  392.  416.]
TN: [4381. 5605. 4348. 3961. 4293. 4187. 4881.]
FP: [459.  51. 513. 414. 561. 574. 218.]
FN: [561.  49. 574. 337. 455. 588. 226.]
ACC: 51.40219497680664
_______
Epoch: 139
TP: [ 301.   31.  309. 1073.  488.  402.  416.]
TN: [4530. 5603. 4394. 3936. 4181. 4186. 4895.]
FP: [498.  56. 510. 370. 505. 564. 218.]
FN: [412.  51. 528. 362. 567. 589. 212.]
ACC: 52.60407638549805
_______
Epoch: 140
TP: [ 269.   33.  319. 1060.  543.  373.  403.]
TN: [4598. 5629. 4343. 3963. 4095. 4197. 4880.]
FP: [530.  54. 500. 383. 450. 593. 231.]
FN: [344.  25. 579. 335. 653. 578. 227.]
ACC: 52.255706787109375
_______
Epoch: 141
TP: [ 311.   35.  300. 1061.  471.  382.  417.]
TN: [4472. 5632. 4360. 3952. 4246. 4155. 4865.]
FP: [488.  52. 519. 382. 522. 584. 217.]
FN: [470.  22. 562. 346. 502. 620. 242.]
ACC: 51.855079650878906
_______
Epoch: 142
TP: [ 296.   36.  282. 1088.  494.  419.  415.]
TN: [4559. 5613. 4433. 3934. 4196. 4138. 4862.]
FP: [503.  51. 537. 355. 499. 547. 219.]
FN: [383.  41. 489. 364. 552. 637. 245.]
ACC: 52.778263092041016
_______
Epoch: 143
TP: [ 285.   31.  335. 1056.  493.  402.  396.]
TN: [4603. 5625. 4290. 3972. 4195. 4110. 4908.]
FP: [514.  56. 484. 387. 500. 564. 238.]
FN: [339.  29. 632. 326. 553. 665. 199.]
ACC: 52.22086715698242
_______
Epoch: 144
TP: [ 324.   35.  295. 1086.  493.  392.  390.]
TN: [4462. 5606. 4420. 3916. 4202. 4192. 4922.]
FP: [475.  52. 524. 357. 500. 574. 244.]
FN: [480.  48. 502. 382. 546. 583. 185.]
ACC: 52.51698303222656
_______
Epoch: 145
TP: [ 317.   37.  296. 1071.  482.  395.  410.]
TN: [4495. 5618. 4395. 3949. 4213. 4174. 4869.]
FP: [482.  50. 523. 372. 511. 571. 224.]
FN: [447.  36. 527. 349. 535. 601. 238.]
ACC: 52.39505386352539
_______
Epoch: 146
TP: [ 289.   31.  307. 1108.  482.  398.  412.]
TN: [4566. 5632. 4369. 3879. 4207. 4175. 4904.]
FP: [510.  56. 512. 335. 511. 568. 222.]
FN: [376.  22. 553. 419. 541. 600. 203.]
ACC: 52.72600555419922
_______
Epoch: 147
TP: [ 309.   31.  297. 1010.  491.  461.  403.]
TN: [4519. 5629. 4445. 4004. 4193. 3992. 4925.]
FP: [490.  56. 522. 433. 502. 505. 231.]
FN: [423.  25. 477. 294. 555. 783. 182.]
ACC: 52.29054260253906
_______
Epoch: 148
TP: [ 323.   33.  302. 1054.  480.  380.  419.]
TN: [4465. 5626. 4375. 3961. 4205. 4204. 4860.]
FP: [476.  54. 517. 389. 513. 586. 215.]
FN: [477.  28. 547. 337. 543. 571. 247.]
ACC: 52.09893798828125
_______
Epoch: 149
TP: [ 324.   32.  328. 1100.  475.  366.  389.]
TN: [4465. 5631. 4322. 3909. 4232. 4218. 4942.]
FP: [475.  55. 491. 343. 518. 600. 245.]
FN: [477.  23. 600. 389. 516. 557. 165.]
ACC: 52.49956512451172
_______
Epoch: 150
TP: [ 352.   34.  315. 1117.  501.  343.  393.]
TN: [4405. 5626. 4370. 3860. 4245. 4323. 4931.]
FP: [447.  53. 504. 326. 492. 623. 241.]
FN: [537.  28. 552. 438. 503. 452. 176.]
ACC: 53.21372604370117
_______
Epoch: 151
TP: [ 322.   31.  298. 1012.  462.  449.  385.]
TN: [4449. 5622. 4358. 4036. 4247. 4016. 4936.]
FP: [477.  56. 521. 431. 531. 517. 249.]
FN: [493.  32. 564. 262. 501. 759. 171.]
ACC: 51.541542053222656
_______
Epoch: 152
TP: [ 298.   33.  306. 1069.  514.  423.  405.]
TN: [4590. 5624. 4376. 3945. 4173. 4144. 4901.]
FP: [501.  54. 513. 374. 479. 543. 229.]
FN: [352.  30. 546. 353. 575. 631. 206.]
ACC: 53.091796875
_______
Epoch: 153
TP: [ 312.   35.  272. 1094.  495.  393.  411.]
TN: [4498. 5611. 4446. 3921. 4161. 4185. 4895.]
FP: [487.  52. 547. 349. 498. 573. 223.]
FN: [444.  43. 476. 377. 587. 590. 212.]
ACC: 52.46472930908203
_______
Epoch: 154
TP: [ 343.   32.  315. 1056.  450.  382.  429.]
TN: [4416. 5621. 4371. 3978. 4253. 4219. 4854.]
FP: [456.  55. 504. 387. 543. 584. 205.]
FN: [526.  33. 551. 320. 495. 556. 253.]
ACC: 52.37763595581055
_______
Epoch: 155
TP: [ 328.   34.  317. 1122.  456.  379.  406.]
TN: [4475. 5627. 4359. 3895. 4273. 4229. 4889.]
FP: [471.  53. 502. 321. 537. 587. 228.]
FN: [467.  27. 563. 403. 475. 546. 218.]
ACC: 52.98728561401367
_______
Epoch: 156
TP: [ 327.   32.  337. 1105.  481.  390.  383.]
TN: [4504. 5622. 4341. 3909. 4219. 4221. 4944.]
FP: [472.  55. 482. 338. 512. 576. 251.]
FN: [438.  32. 581. 389. 529. 554. 163.]
ACC: 53.21372604370117
_______
Epoch: 157
TP: [ 345.   32.  297. 1142.  437.  392.  404.]
TN: [4447. 5614. 4421. 3828. 4285. 4244. 4915.]
FP: [454.  55. 522. 301. 556. 574. 230.]
FN: [495.  40. 501. 470. 463. 531. 192.]
ACC: 53.109214782714844
_______
Epoch: 158
TP: [ 329.   38.  326. 1097.  463.  419.  393.]
TN: [4490. 5614. 4396. 3943. 4249. 4115. 4963.]
FP: [470.  49. 493. 346. 530. 547. 241.]
FN: [452.  40. 526. 355. 499. 660. 144.]
ACC: 53.38791275024414
_______
Epoch: 159
TP: [ 301.   37.  297. 1100.  471.  403.  408.]
TN: [4492. 5621. 4420. 3937. 4182. 4160. 4910.]
FP: [498.  50. 522. 343. 522. 563. 226.]
FN: [450.  33. 502. 361. 566. 615. 197.]
ACC: 52.55181884765625
_______
Epoch: 160
TP: [ 367.   29.  264. 1106.  460.  372.  416.]
TN: [4285. 5630. 4504. 3908. 4216. 4268. 4908.]
FP: [432.  58. 555. 337. 533. 594. 218.]
FN: [657.  24. 418. 390. 532. 507. 199.]
ACC: 52.49956512451172
_______
Epoch: 161
TP: [ 329.   34.  291. 1102.  441.  361.  406.]
TN: [4378. 5619. 4388. 3905. 4239. 4257. 4883.]
FP: [470.  53. 528. 341. 552. 605. 228.]
FN: [564.  35. 534. 393. 509. 518. 224.]
ACC: 51.62863540649414
_______
Epoch: 162
TP: [ 324.   31.  325. 1061.  479.  386.  368.]
TN: [4437. 5617. 4328. 3968. 4213. 4142. 4974.]
FP: [475.  56. 494. 382. 514. 580. 266.]
FN: [505.  37. 594. 330. 535. 633. 133.]
ACC: 51.80282211303711
_______
Epoch: 163
TP: [ 327.   34.  301. 1040.  417.  418.  411.]
TN: [4383. 5614. 4383. 3988. 4293. 4076. 4916.]
FP: [472.  53. 518. 403. 576. 548. 223.]
FN: [559.  40. 539. 310. 455. 699. 191.]
ACC: 51.34994125366211
_______
Epoch: 164
TP: [ 331.   31.  316. 1092.  444.  403.  392.]
TN: [4439. 5627. 4332. 3914. 4305. 4195. 4902.]
FP: [468.  56. 503. 351. 549. 563. 242.]
FN: [503.  27. 590. 384. 443. 580. 205.]
ACC: 52.412471771240234
_______
Epoch: 165
TP: [ 300.   36.  289. 1077.  460.  413.  408.]
TN: [4478. 5595. 4455. 3914. 4200. 4118. 4928.]
FP: [499.  51. 530. 366. 533. 553. 226.]
FN: [464.  59. 467. 384. 548. 657. 179.]
ACC: 51.959590911865234
_______
Epoch: 166
TP: [ 319.   32.  333. 1095.  472.  352.  402.]
TN: [4487. 5624. 4330. 3905. 4223. 4255. 4886.]
FP: [480.  55. 486. 348. 521. 614. 232.]
FN: [455.  30. 592. 393. 525. 520. 221.]
ACC: 52.342796325683594
_______
Epoch: 167
TP: [ 296.   29.  337. 1095.  468.  398.  389.]
TN: [4507. 5635. 4328. 3889. 4266. 4173. 4919.]
FP: [503.  58. 482. 348. 525. 568. 245.]
FN: [435.  19. 594. 409. 482. 602. 188.]
ACC: 52.46472930908203
_______
Epoch: 168
TP: [ 332.   35.  285. 1058.  465.  419.  414.]
TN: [4454. 5606. 4411. 3963. 4219. 4135. 4925.]
FP: [467.  52. 534. 385. 528. 547. 220.]
FN: [488.  48. 511. 335. 529. 640. 182.]
ACC: 52.39505386352539
_______
Epoch: 169
TP: [ 329.   35.  297. 1057.  447.  403.  424.]
TN: [4455. 5611. 4399. 3969. 4248. 4160. 4855.]
FP: [470.  52. 522. 386. 546. 563. 210.]
FN: [487.  43. 523. 329. 500. 615. 252.]
ACC: 52.116355895996094
_______
Epoch: 170
TP: [ 320.   36.  308. 1048.  466.  395.  399.]
TN: [4442. 5604. 4362. 3969. 4207. 4169. 4924.]
FP: [479.  51. 511. 395. 527. 571. 235.]
FN: [500.  50. 560. 329. 541. 606. 183.]
ACC: 51.76798629760742
_______
Epoch: 171
TP: [ 341.   33.  256. 1074.  481.  373.  424.]
TN: [4395. 5614. 4546. 3921. 4155. 4200. 4856.]
FP: [458.  54. 563. 369. 512. 593. 210.]
FN: [547.  40. 376. 377. 593. 575. 251.]
ACC: 51.942169189453125
_______
Epoch: 172
TP: [ 323.   33.  283. 1094.  494.  364.  388.]
TN: [4412. 5616. 4441. 3885. 4151. 4264. 4915.]
FP: [476.  54. 536. 349. 499. 602. 246.]
FN: [530.  38. 481. 413. 597. 511. 192.]
ACC: 51.889915466308594
_______
Epoch: 173
TP: [ 323.   33.  280. 1039.  448.  417.  419.]
TN: [4479. 5618. 4410. 3947. 4276. 4057. 4877.]
FP: [476.  54. 539. 404. 545. 549. 215.]
FN: [463.  36. 512. 351. 472. 718. 230.]
ACC: 51.541542053222656
_______
Epoch: 174
TP: [ 336.   35.  330. 1076.  473.  343.  387.]
TN: [4422. 5624. 4286. 3925. 4214. 4312. 4902.]
FP: [463.  52. 489. 367. 520. 623. 247.]
FN: [520.  30. 636. 373. 534. 463. 205.]
ACC: 51.90733337402344
_______
Epoch: 175
TP: [ 296.   36.  315. 1059.  509.  372.  411.]
TN: [4542. 5610. 4326. 3971. 4171. 4192. 4891.]
FP: [503.  51. 504. 384. 484. 594. 223.]
FN: [400.  44. 596. 327. 577. 583. 216.]
ACC: 52.22086715698242
_______
Epoch: 176
TP: [ 307.   35.  353. 1084.  446.  420.  406.]
TN: [4527. 5624. 4298. 3948. 4256. 4181. 4922.]
FP: [492.  52. 466. 359. 547. 546. 228.]
FN: [415.  30. 624. 350. 492. 594. 185.]
ACC: 53.14405059814453
_______
Epoch: 177
TP: [ 341.   34.  271. 1057.  490.  388.  394.]
TN: [4344. 5600. 4492. 3965. 4176. 4162. 4941.]
FP: [458.  53. 548. 386. 503. 578. 240.]
FN: [598.  54. 430. 333. 572. 613. 166.]
ACC: 51.82024002075195
_______
Epoch: 178
TP: [ 328.   34.  323. 1091.  437.  379.  432.]
TN: [4486. 5612. 4361. 3930. 4300. 4172. 4868.]
FP: [471.  53. 496. 352. 556. 587. 202.]
FN: [456.  42. 561. 368. 448. 603. 239.]
ACC: 52.67375183105469
_______
Epoch: 179
TP: [ 337.   34.  278. 1110.  478.  395.  394.]
TN: [4460. 5616. 4452. 3853. 4229. 4203. 4918.]
FP: [462.  53. 541. 333. 515. 571. 240.]
FN: [482.  38. 470. 445. 519. 572. 189.]
ACC: 52.708587646484375
_______
Epoch: 180
TP: [ 326.   32.  265. 1119.  504.  424.  393.]
TN: [4462. 5627. 4511. 3867. 4210. 4158. 4933.]
FP: [473.  55. 554. 324. 489. 542. 241.]
FN: [480.  27. 411. 431. 538. 617. 174.]
ACC: 53.35307312011719
_______
Epoch: 181
TP: [ 372.   32.  287. 1029.  492.  390.  398.]
TN: [4320. 5618. 4448. 3985. 4221. 4176. 4937.]
FP: [427.  55. 532. 414. 501. 576. 236.]
FN: [622.  36. 474. 313. 527. 599. 170.]
ACC: 52.255706787109375
_______
Epoch: 182
TP: [ 334.   35.  336. 1093.  434.  414.  386.]
TN: [4437. 5620. 4322. 3958. 4328. 4125. 4947.]
FP: [465.  52. 483. 350. 559. 552. 248.]
FN: [505.  34. 600. 340. 420. 650. 160.]
ACC: 52.8130989074707
_______
Epoch: 183
TP: [ 294.   34.  324. 1055.  470.  398.  381.]
TN: [4494. 5629. 4320. 3948. 4219. 4122. 4929.]
FP: [505.  53. 495. 388. 523. 568. 253.]
FN: [448.  25. 602. 350. 529. 653. 178.]
ACC: 51.489288330078125
_______
Epoch: 184
TP: [ 310.   36.  273. 1121.  480.  428.  421.]
TN: [4528. 5613. 4473. 3882. 4244. 4124. 4910.]
FP: [489.  51. 546. 322. 513. 538. 213.]
FN: [414.  41. 449. 416. 504. 651. 197.]
ACC: 53.457584381103516
_______
Epoch: 185
TP: [ 315.   36.  299. 1076.  468.  374.  422.]
TN: [4441. 5612. 4412. 3935. 4177. 4210. 4908.]
FP: [484.  51. 520. 367. 525. 592. 212.]
FN: [501.  42. 510. 363. 571. 565. 199.]
ACC: 52.081520080566406
_______
Epoch: 186
TP: [ 317.   36.  326. 1112.  495.  321.  399.]
TN: [4495. 5617. 4311. 3865. 4203. 4292. 4928.]
FP: [482.  51. 493. 331. 498. 645. 235.]
FN: [447.  37. 611. 433. 545. 483. 179.]
ACC: 52.3602180480957
_______
Epoch: 187
TP: [ 316.   34.  318. 1114.  454.  371.  414.]
TN: [4501. 5631. 4382. 3907. 4244. 4182. 4879.]
FP: [483.  53. 501. 329. 539. 595. 220.]
FN: [441.  23. 540. 391. 504. 593. 228.]
ACC: 52.62149429321289
_______
Epoch: 188
TP: [ 289.   35.  310. 1117.  492.  377.  420.]
TN: [4525. 5622. 4428. 3912. 4203. 4175. 4880.]
FP: [510.  52. 509. 326. 501. 589. 214.]
FN: [417.  32. 494. 386. 545. 600. 227.]
ACC: 52.95244598388672
_______
Epoch: 189
TP: [ 298.   34.  339. 1086.  455.  372.  398.]
TN: [4530. 5627. 4266. 3952. 4233. 4160. 4919.]
FP: [501.  53. 480. 357. 538. 594. 236.]
FN: [412.  27. 656. 346. 515. 615. 188.]
ACC: 51.942169189453125
_______
Epoch: 190
TP: [ 313.   34.  281. 1078.  494.  390.  406.]
TN: [4466. 5615. 4448. 3950. 4187. 4129. 4906.]
FP: [486.  53. 538. 365. 499. 576. 228.]
FN: [476.  39. 474. 348. 561. 646. 201.]
ACC: 52.186031341552734
_______
Epoch: 191
TP: [ 296.   33.  311. 1147.  468.  340.  431.]
TN: [4510. 5622. 4392. 3849. 4216. 4268. 4874.]
FP: [503.  54. 508. 296. 525. 626. 203.]
FN: [432.  32. 530. 449. 532. 507. 233.]
ACC: 52.708587646484375
_______
Epoch: 192
TP: [ 295.   36.  319. 1093.  480.  425.  409.]
TN: [4554. 5615. 4406. 3949. 4228. 4107. 4903.]
FP: [504.  51. 500. 350. 513. 541. 225.]
FN: [388.  39. 516. 349. 520. 668. 204.]
ACC: 53.24856185913086
_______
Epoch: 193
TP: [ 370.   32.  355. 1054.  438.  357.  391.]
TN: [4370. 5625. 4262. 3973. 4315. 4224. 4933.]
FP: [429.  55. 464. 389. 555. 609. 243.]
FN: [572.  29. 660. 325. 433. 551. 174.]
ACC: 52.20344924926758
_______
Epoch: 194
TP: [ 315.   32.  265. 1070.  501.  384.  452.]
TN: [4485. 5623. 4503. 3974. 4152. 4190. 4797.]
FP: [484.  55. 554. 373. 492. 582. 182.]
FN: [457.  31. 419. 324. 596. 585. 310.]
ACC: 52.5866584777832
_______
Epoch: 195
TP: [ 288.   33.  320. 1079.  503.  405.  409.]
TN: [4573. 5621. 4391. 3920. 4203. 4157. 4877.]
FP: [511.  54. 499. 364. 490. 561. 225.]
FN: [369.  33. 531. 378. 545. 618. 230.]
ACC: 52.90019226074219
_______
Epoch: 196
TP: [ 349.   35.  337. 1011.  459.  374.  393.]
TN: [4400. 5601. 4239. 4020. 4270. 4216. 4917.]
FP: [450.  52. 482. 432. 534. 592. 241.]
FN: [542.  53. 683. 278. 478. 559. 190.]
ACC: 51.52412414550781
_______
Epoch: 197
TP: [ 333.   35.  292. 1102.  476.  407.  385.]
TN: [4419. 5614. 4420. 3905. 4261. 4189. 4927.]
FP: [466.  52. 527. 341. 517. 559. 249.]
FN: [523.  40. 502. 393. 487. 586. 180.]
ACC: 52.778263092041016
_______
Epoch: 198
TP: [ 299.   34.  277. 1102.  472.  401.  416.]
TN: [4516. 5612. 4489. 3859. 4212. 4129. 4889.]
FP: [500.  53. 542. 341. 521. 565. 218.]
FN: [426.  42. 433. 439. 536. 646. 218.]
ACC: 52.27312469482422
_______
Epoch: 199
TP: [ 267.   40.  309. 1055.  456.  440.  417.]
TN: [4581. 5585. 4387. 3934. 4264. 4057. 4881.]
FP: [532.  47. 510. 388. 537. 526. 217.]
FN: [361.  69. 535. 364. 484. 718. 226.]
ACC: 51.97700881958008
_______
Epoch: 200
TP: [ 344.   31.  354. 1103.  492.  355.  373.]
TN: [4440. 5633. 4308. 3925. 4205. 4285. 4961.]
FP: [455.  56. 465. 340. 501. 611. 261.]
FN: [502.  21. 614. 373. 543. 490. 146.]
ACC: 53.16147232055664
_______
